object={
	name="tree_leaf_colored_01_high_generator_1_0"
	clamp_to_water_level=no
	render_under_water=no
	generated_content=yes
	layer="tree_high_layer"
	pdxmesh="tree_leaf_colored_01_a_mesh"
	count=237
	transform="7694.509277 0.000000 2358.914795 0.000000 0.421169 0.000000 -0.906982 0.924794 0.924794 0.924794
7694.859863 0.000000 2352.317139 0.000000 0.732229 0.000000 0.681059 0.717701 0.717701 0.717701
7684.108398 0.000000 2318.123291 0.000000 0.492056 0.000000 0.870564 0.664974 0.664974 0.664974
7683.162598 0.000000 2313.705322 0.000000 0.206600 0.000000 0.978426 0.522393 0.522393 0.522393
8046.519043 0.000000 2612.076172 0.000000 0.372767 0.000000 0.927925 0.595807 0.595807 0.595807
7920.977539 0.000000 2691.759766 0.000000 0.366702 0.000000 0.930339 0.694956 0.694956 0.694956
8051.772461 0.000000 2691.113525 0.000000 0.609039 0.000000 -0.793140 0.860369 0.860369 0.860369
8011.655762 0.000000 2658.859131 0.000000 0.530173 0.000000 0.847889 0.686813 0.686813 0.686813
7951.746094 0.000000 2722.281738 0.000000 0.843712 0.000000 -0.536796 0.826029 0.826029 0.826029
7921.676270 0.000000 2786.176025 0.000000 0.609106 0.000000 0.793089 0.721345 0.721345 0.721345
7921.032715 0.000000 2788.888184 0.000000 0.991181 0.000000 0.132515 0.792037 0.792037 0.792037
7912.811035 0.000000 2822.192871 0.000000 0.813216 0.000000 -0.581962 0.852104 0.852104 0.852104
7960.246582 0.000000 2805.281250 0.000000 0.126630 0.000000 -0.991950 1.033577 1.033577 1.033577
7940.557129 0.000000 2904.900146 0.000000 0.942322 0.000000 0.334709 0.769326 0.769326 0.769326
7959.146484 0.000000 2906.450684 0.000000 0.660094 0.000000 0.751183 0.693066 0.693066 0.693066
8039.261230 0.000000 2998.839111 0.000000 0.463506 0.000000 0.886094 0.626025 0.626025 0.626025
8056.333984 0.000000 3152.959473 0.000000 0.921742 0.000000 0.387803 0.758640 0.758640 0.758640
8050.429688 0.000000 3151.091064 0.000000 0.362604 0.000000 0.931943 0.673004 0.673004 0.673004
7972.732910 0.000000 3223.216797 0.000000 0.556445 0.000000 0.830884 0.633512 0.633512 0.633512
8062.249512 0.000000 3229.390381 0.000000 0.393419 0.000000 -0.919359 0.944440 0.944440 0.944440
7705.736328 0.000000 3377.455322 0.000000 0.978123 0.000000 0.208029 0.788281 0.788281 0.788281
7703.364746 0.000000 3377.769043 0.000000 0.504586 0.000000 -0.863361 0.933178 0.933178 0.933178
7661.870605 0.000000 3403.296143 0.000000 0.526014 0.000000 -0.850476 0.909672 0.909672 0.909672
7665.508789 0.000000 3399.951172 0.000000 0.051422 0.000000 -0.998677 1.094347 1.094347 1.094347
7894.265137 0.000000 3297.374756 0.000000 0.171735 0.000000 -0.985143 1.001064 1.001064 1.001064
7764.358398 0.000000 3347.383301 0.000000 0.980595 0.000000 -0.196043 0.816552 0.816552 0.816552
7804.752441 0.000000 3337.152588 0.000000 0.258775 0.000000 -0.965938 1.019616 1.019616 1.019616
7795.858398 0.000000 3397.368164 0.000000 0.085632 0.000000 0.996327 0.506364 0.506364 0.506364
7869.775391 0.000000 3393.460449 0.000000 0.061058 0.000000 0.998134 0.673360 0.673360 0.673360
7898.454102 0.000000 3293.673096 0.000000 0.999941 0.000000 0.010870 0.799370 0.799370 0.799370
7968.267090 0.000000 3327.040039 0.000000 0.994909 0.000000 0.100777 0.790524 0.790524 0.790524
7895.689453 0.000000 3294.767822 0.000000 0.513575 0.000000 0.858045 0.678457 0.678457 0.678457
7920.045410 0.000000 3288.267822 0.000000 0.201830 0.000000 0.979421 0.600610 0.600610 0.600610
7942.812988 0.000000 3267.872314 0.000000 0.999975 0.000000 0.007129 0.799032 0.799032 0.799032
7937.110352 0.000000 3276.297607 0.000000 0.960129 0.000000 -0.279558 0.854325 0.854325 0.854325
7898.359375 0.000000 3290.590088 0.000000 0.837129 0.000000 -0.547005 0.884386 0.884386 0.884386
8049.955566 0.000000 3296.964355 0.000000 0.793675 0.000000 -0.608342 0.833960 0.833960 0.833960
8036.931152 0.000000 3308.177002 0.000000 0.961601 0.000000 0.274453 0.746138 0.746138 0.746138
7901.407227 0.000000 3341.683105 0.000000 0.958360 0.000000 -0.285563 0.820822 0.820822 0.820822
7937.839355 0.000000 3339.624023 0.000000 0.159296 0.000000 0.987231 0.687290 0.687290 0.687290
7938.023926 0.000000 3397.121582 0.000000 0.999994 0.000000 -0.003386 0.800270 0.800270 0.800270
7932.890137 0.000000 3341.661865 0.000000 0.904561 0.000000 0.426345 0.754257 0.754257 0.754257
7922.376465 0.000000 3337.032471 0.000000 0.055457 0.000000 0.998461 0.518541 0.518541 0.518541
8003.013184 0.000000 3398.706787 0.000000 0.736910 0.000000 0.675991 0.665086 0.665086 0.665086
7999.737793 0.000000 3354.193115 0.000000 0.965172 0.000000 0.261615 0.763522 0.763522 0.763522
7995.589844 0.000000 3355.021729 0.000000 0.827312 0.000000 0.561743 0.721372 0.721372 0.721372
7762.536621 0.000000 3444.604492 0.000000 0.644515 0.000000 -0.764592 0.871275 0.871275 0.871275
7762.175293 0.000000 3446.790039 0.000000 0.834431 0.000000 -0.551113 0.907252 0.907252 0.907252
7784.180664 0.000000 3532.264893 0.000000 0.409717 0.000000 -0.912212 0.836706 0.836706 0.836706
7768.121582 0.000000 3487.030273 0.000000 0.995623 0.000000 0.093466 0.782427 0.782427 0.782427
7855.692383 0.000000 3487.225098 0.000000 0.944354 0.000000 0.328930 0.742430 0.742430 0.742430
7927.900391 0.000000 3447.164795 0.000000 0.262488 0.000000 0.964935 0.633166 0.633166 0.633166
7925.097656 0.000000 3446.507568 0.000000 0.803280 0.000000 -0.595601 0.904490 0.904490 0.904490
7954.365234 0.000000 3433.951904 0.000000 0.476510 0.000000 -0.879169 0.945878 0.945878 0.945878
8003.506348 0.000000 3399.239746 0.000000 0.938417 0.000000 0.345505 0.735883 0.735883 0.735883
7955.911133 0.000000 3530.908447 0.000000 0.588894 0.000000 -0.808210 0.969165 0.969165 0.969165
8010.523926 0.000000 3481.281006 0.000000 0.664469 0.000000 -0.747316 0.882599 0.882599 0.882599
7795.096680 0.000000 3539.996582 0.000000 0.992510 0.000000 -0.122160 0.815165 0.815165 0.815165
7833.210449 0.000000 3559.940430 0.000000 0.744414 0.000000 -0.667718 0.846728 0.846728 0.846728
7871.751953 0.000000 3549.604492 0.000000 0.242336 0.000000 -0.970192 0.961551 0.961551 0.961551
7762.787598 0.000000 3665.818359 0.000000 0.526600 0.000000 -0.850113 0.911628 0.911628 0.911628
7744.798828 0.000000 3603.214844 0.000000 0.957041 0.000000 -0.289952 0.842303 0.842303 0.842303
7763.481445 0.000000 3663.349365 0.000000 0.933387 0.000000 0.358871 0.756747 0.756747 0.756747
7815.102051 0.000000 3655.316895 0.000000 0.515881 0.000000 -0.856660 0.972593 0.972593 0.972593
7977.484863 0.000000 3587.429199 0.000000 0.663783 0.000000 -0.747926 0.897877 0.897877 0.897877
7994.253418 0.000000 3581.866699 0.000000 0.655643 0.000000 -0.755071 0.861530 0.861530 0.861530
8035.320312 0.000000 3572.278564 0.000000 0.965354 0.000000 -0.260942 0.821091 0.821091 0.821091
7990.233887 0.000000 3584.286621 0.000000 0.194819 0.000000 -0.980839 0.918063 0.918063 0.918063
7992.644531 0.000000 3583.752930 0.000000 0.902522 0.000000 0.430644 0.719974 0.719974 0.719974
7945.415527 0.000000 3609.048340 0.000000 0.497956 0.000000 -0.867203 0.844020 0.844020 0.844020
7944.623535 0.000000 3611.208740 0.000000 0.998065 0.000000 -0.062186 0.812801 0.812801 0.812801
7999.991699 0.000000 3635.797607 0.000000 0.981320 0.000000 -0.192385 0.828612 0.828612 0.828612
8035.574707 0.000000 3628.090088 0.000000 0.792720 0.000000 -0.609586 0.929617 0.929617 0.929617
7763.577637 0.000000 3738.187500 0.000000 0.954419 0.000000 0.298469 0.756416 0.756416 0.756416
7969.164551 0.000000 3674.875000 0.000000 0.851817 0.000000 -0.523839 0.882589 0.882589 0.882589
7679.432129 0.000000 3819.846680 0.000000 0.218022 0.000000 -0.975944 0.870155 0.870155 0.870155
7675.211914 0.000000 3847.875977 0.000000 0.437064 0.000000 -0.899430 0.862548 0.862548 0.862548
7639.055176 0.000000 3914.136230 0.000000 0.015757 0.000000 -0.999876 0.927337 0.927337 0.927337
7635.743652 0.000000 3929.321533 0.000000 0.852103 0.000000 -0.523373 0.856105 0.856105 0.856105
7639.335938 0.000000 3912.339111 0.000000 0.870711 0.000000 -0.491796 0.927333 0.927333 0.927333
7690.443359 0.000000 3936.192871 0.000000 0.732806 0.000000 -0.680437 0.886690 0.886690 0.886690
7684.337891 0.000000 3938.448975 0.000000 0.094976 0.000000 -0.995480 0.929680 0.929680 0.929680
7699.700684 0.000000 3931.878662 0.000000 0.963334 0.000000 -0.268304 0.853709 0.853709 0.853709
7613.451660 0.000000 3968.218262 0.000000 0.743940 0.000000 0.668247 0.650909 0.650909 0.650909
7648.293945 0.000000 3944.428955 0.000000 0.386383 0.000000 0.922339 0.774206 0.774206 0.774206
7649.582031 0.000000 3946.578857 0.000000 0.810248 0.000000 -0.586088 0.893804 0.893804 0.893804
7745.734863 0.000000 3899.776367 0.000000 0.867089 0.000000 -0.498154 0.802083 0.802083 0.802083
8305.830078 0.000000 2684.190430 0.000000 0.603773 0.000000 0.797157 0.776046 0.776046 0.776046
8301.299805 0.000000 2719.120605 0.000000 0.949514 0.000000 -0.313724 0.816571 0.816571 0.816571
8380.628906 0.000000 2678.631592 0.000000 0.176551 0.000000 -0.984291 0.908529 0.908529 0.908529
8398.180664 0.000000 2718.236572 0.000000 0.872539 0.000000 0.488545 0.714368 0.714368 0.714368
8353.857422 0.000000 2657.481201 0.000000 0.798593 0.000000 0.601871 0.673590 0.673590 0.673590
8413.134766 0.000000 2488.655029 0.000000 0.856674 0.000000 -0.515859 0.811908 0.811908 0.811908
8449.173828 0.000000 2474.260498 0.000000 0.980093 0.000000 -0.198540 0.815568 0.815568 0.815568
8410.096680 0.000000 2490.067627 0.000000 0.991386 0.000000 0.130974 0.789506 0.789506 0.789506
8471.532227 0.000000 2492.489990 0.000000 0.813764 0.000000 -0.581195 0.876798 0.876798 0.876798
8473.158203 0.000000 2546.093994 0.000000 0.169176 0.000000 0.985586 0.570586 0.570586 0.570586
8514.451172 0.000000 2549.215576 0.000000 0.937286 0.000000 0.348561 0.751646 0.751646 0.751646
8507.528320 0.000000 2644.546631 0.000000 0.329023 0.000000 -0.944322 0.911044 0.911044 0.911044
8399.592773 0.000000 2716.015381 0.000000 0.475516 0.000000 -0.879707 0.802148 0.802148 0.802148
8411.174805 0.000000 2673.820312 0.000000 0.998822 0.000000 -0.048533 0.804752 0.804752 0.804752
8414.670898 0.000000 2670.144287 0.000000 0.386458 0.000000 0.922307 0.626487 0.626487 0.626487
8413.375000 0.000000 2673.274658 0.000000 0.405517 0.000000 0.914088 0.627251 0.627251 0.627251
8555.047852 0.000000 2658.093506 0.000000 0.541721 0.000000 -0.840559 0.947546 0.947546 0.947546
8551.924805 0.000000 2661.786133 0.000000 0.886107 0.000000 -0.463481 0.843313 0.843313 0.843313
8553.592773 0.000000 2660.023926 0.000000 0.999950 0.000000 0.010009 0.798101 0.798101 0.798101
8588.121094 0.000000 2588.725342 0.000000 0.773136 0.000000 -0.634240 0.878213 0.878213 0.878213
8588.432617 0.000000 2719.348145 0.000000 0.845586 0.000000 0.533840 0.786503 0.786503 0.786503
8605.966797 0.000000 2677.183350 0.000000 0.000870 0.000000 -1.000000 1.035164 1.035164 1.035164
8569.642578 0.000000 2692.620117 0.000000 0.786589 0.000000 0.617477 0.664419 0.664419 0.664419
8065.884766 0.000000 2758.517578 0.000000 0.159404 0.000000 -0.987213 0.867621 0.867621 0.867621
8157.381348 0.000000 2743.993408 0.000000 0.875835 0.000000 -0.482610 0.818106 0.818106 0.818106
8218.414062 0.000000 2743.184814 0.000000 0.855293 0.000000 0.518145 0.751046 0.751046 0.751046
8159.481445 0.000000 2745.536133 0.000000 0.562001 0.000000 -0.827137 0.980913 0.980913 0.980913
8208.871094 0.000000 2729.595215 0.000000 0.218513 0.000000 -0.975834 1.015783 1.015783 1.015783
8220.140625 0.000000 2739.597900 0.000000 0.228207 0.000000 -0.973613 1.024903 1.024903 1.024903
8069.391602 0.000000 2797.808105 0.000000 0.000123 0.000000 -1.000000 0.872151 0.872151 0.872151
8099.975098 0.000000 2808.878662 0.000000 0.636465 0.000000 -0.771305 0.930192 0.930192 0.930192
8096.445312 0.000000 2817.051514 0.000000 0.892763 0.000000 0.450526 0.740261 0.740261 0.740261
8153.150879 0.000000 2833.134521 0.000000 0.922560 0.000000 0.385854 0.770727 0.770727 0.770727
8224.415039 0.000000 2850.918457 0.000000 0.474694 0.000000 0.880151 0.720473 0.720473 0.720473
8224.717773 0.000000 2853.395752 0.000000 0.225914 0.000000 0.974147 0.526423 0.526423 0.526423
8337.469727 0.000000 2770.473389 0.000000 0.671613 0.000000 0.740902 0.711674 0.711674 0.711674
8333.807617 0.000000 2773.812988 0.000000 0.866001 0.000000 0.500042 0.702736 0.702736 0.702736
8331.164062 0.000000 2768.747070 0.000000 0.963510 0.000000 -0.267672 0.851956 0.851956 0.851956
8307.963867 0.000000 2790.751709 0.000000 0.799258 0.000000 -0.600988 0.851508 0.851508 0.851508
8106.108398 0.000000 2861.572266 0.000000 0.999542 0.000000 -0.030267 0.805139 0.805139 0.805139
8186.839844 0.000000 2900.153320 0.000000 0.212175 0.000000 -0.977232 0.873177 0.873177 0.873177
8176.117188 0.000000 2888.654297 0.000000 0.368860 0.000000 -0.929485 0.897692 0.897692 0.897692
8176.762695 0.000000 2891.033691 0.000000 0.999921 0.000000 -0.012570 0.801381 0.801381 0.801381
8139.696777 0.000000 2977.540283 0.000000 0.982013 0.000000 -0.188813 0.822763 0.822763 0.822763
8230.196289 0.000000 2990.174072 0.000000 0.670629 0.000000 -0.741793 0.905158 0.905158 0.905158
8242.209961 0.000000 2904.442871 0.000000 0.809648 0.000000 -0.586916 0.914001 0.914001 0.914001
8332.653320 0.000000 2896.658936 0.000000 0.580909 0.000000 -0.813968 0.915856 0.915856 0.915856
8335.379883 0.000000 2896.112793 0.000000 0.333052 0.000000 0.942908 0.615566 0.615566 0.615566
8291.000000 0.000000 2979.689941 0.000000 0.730136 0.000000 -0.683302 0.863104 0.863104 0.863104
8242.058594 0.000000 2953.648926 0.000000 0.784327 0.000000 -0.620348 0.884201 0.884201 0.884201
8244.805664 0.000000 2953.804443 0.000000 0.184159 0.000000 0.982896 0.542638 0.542638 0.542638
8371.485352 0.000000 2950.424072 0.000000 0.876273 0.000000 -0.481816 0.963662 0.963662 0.963662
8371.131836 0.000000 2954.802490 0.000000 0.201204 0.000000 -0.979549 1.075997 1.075997 1.075997
8370.637695 0.000000 2952.349121 0.000000 0.791896 0.000000 -0.610655 0.920700 0.920700 0.920700
8548.870117 0.000000 2739.614502 0.000000 0.156421 0.000000 0.987690 0.723764 0.723764 0.723764
8492.151367 0.000000 2722.676514 0.000000 0.991100 0.000000 0.133116 0.791200 0.791200 0.791200
8510.867188 0.000000 2765.271973 0.000000 0.965282 0.000000 0.261209 0.780471 0.780471 0.780471
8399.315430 0.000000 2791.233887 0.000000 0.946397 0.000000 -0.323006 0.810510 0.810510 0.810510
8531.576172 0.000000 2836.315674 0.000000 0.042747 0.000000 -0.999086 0.857985 0.857985 0.857985
8489.352539 0.000000 2797.808105 0.000000 0.583368 0.000000 -0.812208 0.845438 0.845438 0.845438
8531.485352 0.000000 2834.239258 0.000000 0.889763 0.000000 -0.456424 0.888037 0.888037 0.888037
8587.614258 0.000000 2727.378418 0.000000 0.911932 0.000000 0.410342 0.715551 0.715551 0.715551
8591.835938 0.000000 2769.584229 0.000000 0.113083 0.000000 -0.993586 1.082359 1.082359 1.082359
8586.917969 0.000000 2729.041992 0.000000 0.712651 0.000000 -0.701519 0.972373 0.972373 0.972373
8669.301758 0.000000 2781.926514 0.000000 0.826095 0.000000 -0.563530 0.881304 0.881304 0.881304
8666.935547 0.000000 2781.708252 0.000000 0.190130 0.000000 0.981759 0.623668 0.623668 0.623668
8693.040039 0.000000 2800.406982 0.000000 0.589071 0.000000 -0.808081 0.925905 0.925905 0.925905
8719.829102 0.000000 2849.088135 0.000000 0.419851 0.000000 0.907593 0.404691 0.404691 0.404691
8442.153320 0.000000 2902.631348 0.000000 0.892007 0.000000 0.452021 0.770960 0.770960 0.770960
8443.923828 0.000000 2900.925781 0.000000 0.595693 0.000000 0.803212 0.656567 0.656567 0.656567
8441.061523 0.000000 2900.471436 0.000000 0.869193 0.000000 0.494474 0.700829 0.700829 0.700829
8518.309570 0.000000 2863.591797 0.000000 0.901930 0.000000 -0.431883 0.835677 0.835677 0.835677
8488.415039 0.000000 2951.804199 0.000000 0.978139 0.000000 0.207953 0.762764 0.762764 0.762764
8486.304688 0.000000 2950.668213 0.000000 0.753733 0.000000 0.657181 0.696884 0.696884 0.696884
8510.948242 0.000000 2941.562256 0.000000 0.978021 0.000000 0.208507 0.702672 0.702672 0.702672
8635.916992 0.000000 2865.739258 0.000000 0.916673 0.000000 0.399638 0.760587 0.760587 0.760587
8569.988281 0.000000 2887.825195 0.000000 0.994859 0.000000 0.101272 0.777713 0.777713 0.777713
8586.140625 0.000000 2871.201416 0.000000 0.559334 0.000000 0.828942 0.329633 0.329633 0.329633
8728.673828 0.000000 2899.835449 0.000000 0.995853 0.000000 0.090981 0.787081 0.787081 0.787081
8653.980469 0.000000 2955.809570 0.000000 0.900306 0.000000 0.435258 0.640805 0.640805 0.640805
8073.890625 0.000000 3037.503418 0.000000 0.744423 0.000000 0.667708 0.767875 0.767875 0.767875
8083.535156 0.000000 3011.962158 0.000000 0.687631 0.000000 0.726061 0.718855 0.718855 0.718855
8100.587402 0.000000 3035.270264 0.000000 0.744099 0.000000 -0.668069 0.886211 0.886211 0.886211
8175.172852 0.000000 3052.370117 0.000000 0.992270 0.000000 0.124099 0.767198 0.767198 0.767198
8104.645020 0.000000 3093.262695 0.000000 0.211005 0.000000 0.977485 0.729471 0.729471 0.729471
8106.894043 0.000000 3095.548584 0.000000 0.999959 0.000000 0.009057 0.798824 0.798824 0.798824
8098.651367 0.000000 3093.534668 0.000000 0.155284 0.000000 -0.987870 0.975203 0.975203 0.975203
8164.787598 0.000000 3094.130371 0.000000 0.537990 0.000000 -0.842951 0.858079 0.858079 0.858079
8211.693359 0.000000 3113.388916 0.000000 0.817665 0.000000 0.575694 0.763244 0.763244 0.763244
8179.083984 0.000000 3126.258301 0.000000 0.406338 0.000000 0.913723 0.608974 0.608974 0.608974
8252.463867 0.000000 3059.270020 0.000000 0.019942 0.000000 0.999801 0.762831 0.762831 0.762831
8269.030273 0.000000 3055.024414 0.000000 0.233462 0.000000 -0.972366 0.941332 0.941332 0.941332
8346.417969 0.000000 3056.159424 0.000000 0.703676 0.000000 0.710521 0.648484 0.648484 0.648484
8320.733398 0.000000 3117.481689 0.000000 0.995660 0.000000 0.093069 0.797952 0.797952 0.797952
8318.496094 0.000000 3119.126953 0.000000 0.468962 0.000000 -0.883218 0.979477 0.979477 0.979477
8103.721680 0.000000 3151.476318 0.000000 0.525176 0.000000 -0.850994 0.930108 0.930108 0.930108
8098.647461 0.000000 3158.112305 0.000000 0.169342 0.000000 -0.985557 0.959452 0.959452 0.959452
8093.439941 0.000000 3166.136963 0.000000 0.810155 0.000000 -0.586216 0.915095 0.915095 0.915095
8177.545410 0.000000 3127.820068 0.000000 0.829413 0.000000 0.558636 0.789345 0.789345 0.789345
8181.375977 0.000000 3127.456299 0.000000 0.148118 0.000000 0.988970 0.686387 0.686387 0.686387
8215.071289 0.000000 3168.414062 0.000000 0.626157 0.000000 -0.779697 0.869650 0.869650 0.869650
8224.415039 0.000000 3258.824707 0.000000 0.202956 0.000000 -0.979188 0.952828 0.952828 0.952828
8184.319336 0.000000 3211.414551 0.000000 0.017915 0.000000 0.999839 0.663535 0.663535 0.663535
8189.086914 0.000000 3208.313232 0.000000 0.365667 0.000000 -0.930746 0.950544 0.950544 0.950544
8224.717773 0.000000 3261.302002 0.000000 0.763223 0.000000 -0.646135 0.923471 0.923471 0.923471
8296.937500 0.000000 3165.850586 0.000000 0.997849 0.000000 0.065559 0.794628 0.794628 0.794628
8238.117188 0.000000 3146.747070 0.000000 0.858663 0.000000 -0.512541 0.891358 0.891358 0.891358
8240.128906 0.000000 3213.688232 0.000000 0.740988 0.000000 -0.671518 0.858819 0.858819 0.858819
8232.492188 0.000000 3195.308105 0.000000 0.838761 0.000000 -0.544500 0.833350 0.833350 0.833350
8280.967773 0.000000 3214.354004 0.000000 0.611919 0.000000 0.790920 0.690674 0.690674 0.690674
8283.878906 0.000000 3215.086182 0.000000 0.230049 0.000000 -0.973179 0.920314 0.920314 0.920314
8253.107422 0.000000 3239.762695 0.000000 0.797508 0.000000 0.603309 0.740499 0.740499 0.740499
8234.329102 0.000000 3198.819336 0.000000 0.993134 0.000000 0.116984 0.788291 0.788291 0.788291
8242.463867 0.000000 3213.120361 0.000000 0.537666 0.000000 -0.843158 0.964286 0.964286 0.964286
8238.117188 0.000000 3214.731445 0.000000 0.999409 0.000000 -0.034376 0.804807 0.804807 0.804807
8404.608398 0.000000 3090.153320 0.000000 0.272188 0.000000 0.962244 0.533571 0.533571 0.533571
8582.802734 0.000000 3029.319580 0.000000 0.010564 0.000000 -0.999944 0.905949 0.905949 0.905949
8669.728516 0.000000 3140.849365 0.000000 0.934990 0.000000 0.354674 0.769587 0.769587 0.769587
8676.006836 0.000000 3171.576172 0.000000 0.858801 0.000000 -0.512310 0.845119 0.845119 0.845119
8699.866211 0.000000 3148.615479 0.000000 0.961139 0.000000 -0.276064 0.830166 0.830166 0.830166
8770.236328 0.000000 2880.467285 0.000000 0.847807 0.000000 -0.530306 0.901590 0.901590 0.901590
8790.063477 0.000000 2919.333984 0.000000 0.697203 0.000000 -0.716873 0.994762 0.994762 0.994762
8771.913086 0.000000 2881.743652 0.000000 0.562927 0.000000 -0.826507 0.976819 0.976819 0.976819
8770.455078 0.000000 2878.375000 0.000000 0.066850 0.000000 0.997763 0.175243 0.175243 0.175243
8758.633789 0.000000 2879.018311 0.000000 0.056743 0.000000 0.998389 0.116607 0.116607 0.116607
8791.980469 0.000000 2918.488770 0.000000 0.644582 0.000000 0.764535 0.587935 0.587935 0.587935
8747.426758 0.000000 3221.426758 0.000000 0.136462 0.000000 -0.990645 1.049155 1.049155 1.049155
8811.735352 0.000000 3203.258545 0.000000 0.021425 0.000000 0.999770 0.601954 0.601954 0.601954
8143.549316 0.000000 3275.685059 0.000000 0.843828 0.000000 -0.536613 0.803394 0.803394 0.803394
8098.349121 0.000000 3271.498047 0.000000 0.632780 0.000000 -0.774332 0.893750 0.893750 0.893750
8100.065918 0.000000 3268.857666 0.000000 0.992827 0.000000 0.119561 0.780133 0.780133 0.780133
8140.641113 0.000000 3276.408203 0.000000 0.450954 0.000000 -0.892547 0.956405 0.956405 0.956405
8070.270508 0.000000 3271.295410 0.000000 0.923132 0.000000 0.384483 0.744826 0.744826 0.744826
8100.989258 0.000000 3266.371338 0.000000 0.559563 0.000000 0.828788 0.659515 0.659515 0.659515
8186.706055 0.000000 3304.407959 0.000000 0.980275 0.000000 -0.197637 0.815496 0.815496 0.815496
8184.485352 0.000000 3302.509277 0.000000 0.909706 0.000000 -0.415253 0.847894 0.847894 0.847894
8240.070312 0.000000 3315.285400 0.000000 0.891550 0.000000 -0.452923 0.817837 0.817837 0.817837
8237.540039 0.000000 3315.384277 0.000000 0.319763 0.000000 0.947498 0.668179 0.668179 0.668179
8290.346680 0.000000 3312.348633 0.000000 0.992238 0.000000 -0.124351 0.822410 0.822410 0.822410
8089.186523 0.000000 3441.777588 0.000000 0.947063 0.000000 0.321047 0.740598 0.740598 0.740598
8174.898438 0.000000 3445.115723 0.000000 0.381275 0.000000 0.924462 0.741100 0.741100 0.741100
8172.053711 0.000000 3443.513672 0.000000 0.889361 0.000000 -0.457205 0.838884 0.838884 0.838884
8079.678223 0.000000 3488.443115 0.000000 0.964366 0.000000 0.264571 0.786631 0.786631 0.786631
8074.073730 0.000000 3497.523926 0.000000 0.822508 0.000000 0.568754 0.719043 0.719043 0.719043
8147.267578 0.000000 3486.630371 0.000000 0.082228 0.000000 0.996614 0.666222 0.666222 0.666222
8237.731445 0.000000 3448.217773 0.000000 0.988793 0.000000 -0.149292 0.844295 0.844295 0.844295
8088.999512 0.000000 3572.359131 0.000000 0.858885 0.000000 0.512169 0.679720 0.679720 0.679720
8858.777344 0.000000 3308.059570 0.000000 0.153296 0.000000 0.988180 0.720764 0.720764 0.720764
8853.313477 0.000000 3263.425049 0.000000 0.025552 0.000000 0.999673 0.719758 0.719758 0.719758
8852.473633 0.000000 3265.448486 0.000000 0.115020 0.000000 0.993363 0.541275 0.541275 0.541275
"}
