object={
	name="tree_araucaria_01_high_generator_1_0"
	clamp_to_water_level=no
	render_under_water=no
	generated_content=yes
	layer="tree_high_layer"
	pdxmesh="tree_araucaria_01_a_mesh"
	count=636
	transform="2263.356201 0.000000 368.492432 0.000000 0.582126 0.000000 0.813099 0.752593 0.752593 0.752593
2222.488770 0.000000 401.279358 0.000000 0.988325 0.000000 -0.152360 0.808554 0.808554 0.808554
2267.571045 0.000000 382.677612 0.000000 0.092388 0.000000 0.995723 0.696664 0.696664 0.696664
2227.402832 0.000000 383.339355 0.000000 0.996497 0.000000 0.083630 0.796488 0.796488 0.796488
2219.603027 0.000000 394.496887 0.000000 0.545142 0.000000 0.838344 0.786100 0.786100 0.786100
2229.146240 0.000000 407.852539 0.000000 0.879441 0.000000 -0.476007 0.848552 0.848552 0.848552
2213.146484 0.000000 396.218719 0.000000 0.803264 0.000000 -0.595623 0.820389 0.820389 0.820389
2257.342529 0.000000 393.108826 0.000000 0.672769 0.000000 0.739852 0.733464 0.733464 0.733464
2200.670898 0.000000 405.141602 0.000000 0.915053 0.000000 0.403333 0.782588 0.782588 0.782588
2223.045410 0.000000 405.641571 0.000000 0.549007 0.000000 0.835818 0.760470 0.760470 0.760470
2228.307129 0.000000 379.415894 0.000000 0.657254 0.000000 0.753669 0.733509 0.733509 0.733509
2231.139893 0.000000 404.708984 0.000000 0.694900 0.000000 -0.719106 0.912197 0.912197 0.912197
2233.758057 0.000000 406.794373 0.000000 0.901559 0.000000 -0.432655 0.848256 0.848256 0.848256
2254.858643 0.000000 400.903137 0.000000 0.951478 0.000000 0.307716 0.771888 0.771888 0.771888
2203.953613 0.000000 404.732910 0.000000 0.482524 0.000000 -0.875883 0.930026 0.930026 0.930026
2238.246338 0.000000 386.661346 0.000000 0.326426 0.000000 0.945223 0.696128 0.696128 0.696128
2235.017334 0.000000 387.367950 0.000000 0.896377 0.000000 -0.443293 0.837608 0.837608 0.837608
2266.070557 0.000000 366.762146 0.000000 0.178423 0.000000 0.983954 0.697178 0.697178 0.697178
2224.845947 0.000000 403.261475 0.000000 0.951717 0.000000 -0.306976 0.824927 0.824927 0.824927
2254.784180 0.000000 394.627533 0.000000 0.998701 0.000000 -0.050947 0.804886 0.804886 0.804886
2251.940186 0.000000 399.105164 0.000000 0.963267 0.000000 -0.268545 0.831495 0.831495 0.831495
2226.028076 0.000000 381.080353 0.000000 0.266162 0.000000 -0.963928 0.989740 0.989740 0.989740
2228.812256 0.000000 405.603241 0.000000 0.457536 0.000000 0.889191 0.644643 0.644643 0.644643
2231.510742 0.000000 407.171326 0.000000 0.802016 0.000000 0.597303 0.714340 0.714340 0.714340
2202.527100 0.000000 406.437714 0.000000 0.999218 0.000000 -0.039547 0.807506 0.807506 0.807506
2205.896484 0.000000 405.924530 0.000000 0.998914 0.000000 0.046585 0.789203 0.789203 0.789203
2237.682617 0.000000 384.627441 0.000000 0.997297 0.000000 0.073482 0.782373 0.782373 0.782373
2236.362061 0.000000 385.888000 0.000000 0.796832 0.000000 -0.604201 0.955488 0.955488 0.955488
2274.660645 0.000000 376.323059 0.000000 0.395871 0.000000 -0.918306 0.865082 0.865082 0.865082
2142.310303 0.000000 459.065857 0.000000 0.256900 0.000000 0.966438 0.742396 0.742396 0.742396
2179.216064 0.000000 461.712494 0.000000 0.006403 0.000000 -0.999979 0.949974 0.949974 0.949974
2162.944824 0.000000 471.924164 0.000000 0.487485 0.000000 -0.873132 0.906012 0.906012 0.906012
2146.287109 0.000000 433.584930 0.000000 0.134688 0.000000 0.990888 0.754121 0.754121 0.754121
2183.287598 0.000000 428.112457 0.000000 0.354169 0.000000 0.935181 0.778272 0.778272 0.778272
2179.800293 0.000000 412.740570 0.000000 0.906676 0.000000 0.421827 0.792173 0.792173 0.792173
2166.830566 0.000000 410.407135 0.000000 0.252758 0.000000 -0.967530 0.844657 0.844657 0.844657
2129.154297 0.000000 464.203094 0.000000 0.825290 0.000000 0.564710 0.780824 0.780824 0.780824
2176.960205 0.000000 428.216492 0.000000 0.102966 0.000000 0.994685 0.653438 0.653438 0.653438
2136.818115 0.000000 456.090576 0.000000 0.146440 0.000000 0.989220 0.765875 0.765875 0.765875
2152.522461 0.000000 445.763977 0.000000 0.182861 0.000000 0.983139 0.758450 0.758450 0.758450
2156.704102 0.000000 472.968109 0.000000 0.584391 0.000000 -0.811472 0.824579 0.824579 0.824579
2142.120117 0.000000 429.848175 0.000000 0.986767 0.000000 -0.162147 0.814312 0.814312 0.814312
2140.333008 0.000000 463.572144 0.000000 0.367777 0.000000 0.929914 0.757069 0.757069 0.757069
2152.714111 0.000000 441.592224 0.000000 0.688129 0.000000 0.725589 0.686492 0.686492 0.686492
2166.146484 0.000000 469.311218 0.000000 0.406029 0.000000 -0.913860 0.852951 0.852951 0.852951
2160.990479 0.000000 468.299133 0.000000 0.542765 0.000000 0.839885 0.744241 0.744241 0.744241
2154.139648 0.000000 418.989288 0.000000 0.489784 0.000000 0.871844 0.755585 0.755585 0.755585
2147.030273 0.000000 453.076324 0.000000 0.363988 0.000000 0.931404 0.565467 0.565467 0.565467
2142.738770 0.000000 455.193878 0.000000 0.081398 0.000000 0.996682 0.686969 0.686969 0.686969
2145.941406 0.000000 429.920746 0.000000 0.210079 0.000000 0.977684 0.664274 0.664274 0.664274
2166.652832 0.000000 442.514221 0.000000 0.877575 0.000000 0.479439 0.753063 0.753063 0.753063
2137.272949 0.000000 465.815369 0.000000 0.841889 0.000000 0.539651 0.667937 0.667937 0.667937
2160.060547 0.000000 474.135223 0.000000 0.997181 0.000000 -0.075040 0.804500 0.804500 0.804500
2149.472168 0.000000 442.179504 0.000000 0.024431 0.000000 0.999701 0.636312 0.636312 0.636312
2132.640381 0.000000 464.482544 0.000000 0.727532 0.000000 -0.686074 0.861913 0.861913 0.861913
2151.375244 0.000000 448.754639 0.000000 0.770539 0.000000 0.637393 0.728224 0.728224 0.728224
2143.476318 0.000000 462.459229 0.000000 0.917156 0.000000 0.398529 0.762340 0.762340 0.762340
2167.122803 0.000000 464.460266 0.000000 0.795917 0.000000 0.605406 0.725971 0.725971 0.725971
2180.249756 0.000000 428.657104 0.000000 0.417327 0.000000 0.908756 0.715735 0.715735 0.715735
2177.663330 0.000000 430.904663 0.000000 0.530667 0.000000 0.847580 0.694959 0.694959 0.694959
2159.807861 0.000000 415.432770 0.000000 0.848910 0.000000 -0.528537 0.865621 0.865621 0.865621
2149.252686 0.000000 451.250183 0.000000 0.416050 0.000000 -0.909342 0.957337 0.957337 0.957337
2157.542725 0.000000 413.341431 0.000000 0.871251 0.000000 0.490838 0.742618 0.742618 0.742618
2163.458984 0.000000 469.319153 0.000000 0.901696 0.000000 0.432371 0.755350 0.755350 0.755350
2160.450195 0.000000 471.611481 0.000000 0.777120 0.000000 0.629352 0.718426 0.718426 0.718426
2169.768799 0.000000 447.702698 0.000000 0.972335 0.000000 0.233590 0.755737 0.755737 0.755737
2134.681396 0.000000 465.845825 0.000000 0.180422 0.000000 0.983589 0.600205 0.600205 0.600205
2182.154785 0.000000 418.933014 0.000000 0.393300 0.000000 -0.919410 0.942126 0.942126 0.942126
2162.426758 0.000000 413.910553 0.000000 0.784249 0.000000 -0.620447 0.928331 0.928331 0.928331
2137.937988 0.000000 463.327881 0.000000 0.978493 0.000000 -0.206281 0.825728 0.825728 0.825728
2151.537598 0.000000 439.561279 0.000000 0.991983 0.000000 -0.126369 0.818474 0.818474 0.818474
2154.271973 0.000000 416.782074 0.000000 0.991555 0.000000 -0.129688 0.821819 0.821819 0.821819
2171.400391 0.000000 445.668335 0.000000 0.885948 0.000000 0.463785 0.712349 0.712349 0.712349
2157.846191 0.000000 416.301880 0.000000 0.983532 0.000000 0.180735 0.766970 0.766970 0.766970
2147.224609 0.000000 451.058533 0.000000 0.943921 0.000000 -0.330172 0.859812 0.859812 0.859812
2133.563965 0.000000 462.618927 0.000000 0.885894 0.000000 0.463888 0.691133 0.691133 0.691133
2148.516602 0.000000 440.549744 0.000000 0.984339 0.000000 -0.176288 0.840703 0.840703 0.840703
2145.214600 0.000000 451.769165 0.000000 0.633534 0.000000 -0.773715 1.056204 1.056204 1.056204
2136.036133 0.000000 464.310608 0.000000 0.996131 0.000000 0.087880 0.779614 0.779614 0.779614
2161.857666 0.000000 412.094971 0.000000 0.698514 0.000000 -0.715596 0.978388 0.978388 0.978388
2151.017822 0.000000 441.315796 0.000000 0.586288 0.000000 -0.810103 1.050844 1.050844 1.050844
2143.655518 0.000000 449.522400 0.000000 0.976459 0.000000 -0.215704 0.853410 0.853410 0.853410
2177.196045 0.000000 489.048798 0.000000 0.980704 0.000000 -0.195500 0.822008 0.822008 0.822008
2202.250244 0.000000 432.573334 0.000000 0.714868 0.000000 -0.699259 0.804640 0.804640 0.804640
2226.302490 0.000000 459.065857 0.000000 0.997959 0.000000 -0.063850 0.801914 0.801914 0.801914
2213.906494 0.000000 429.736938 0.000000 0.999627 0.000000 0.027324 0.799727 0.799727 0.799727
2208.773438 0.000000 442.706085 0.000000 0.870633 0.000000 0.491934 0.796918 0.796918 0.796918
2191.325928 0.000000 449.681885 0.000000 0.942070 0.000000 0.335417 0.779505 0.779505 0.779505
2267.279785 0.000000 428.112457 0.000000 0.352969 0.000000 0.935635 0.778249 0.778249 0.778249
2188.802002 0.000000 409.241455 0.000000 0.784200 0.000000 -0.620508 0.941715 0.941715 0.941715
2263.792480 0.000000 412.740570 0.000000 0.193917 0.000000 -0.981018 0.841212 0.841212 0.841212
2193.127197 0.000000 415.495178 0.000000 0.960552 0.000000 0.278101 0.796060 0.796060 0.796060
2217.143311 0.000000 473.290710 0.000000 0.069940 0.000000 -0.997551 0.832972 0.832972 0.832972
2203.971191 0.000000 409.828674 0.000000 0.363607 0.000000 0.931553 0.718604 0.718604 0.718604
2190.668457 0.000000 444.307434 0.000000 0.634992 0.000000 -0.772519 0.835263 0.835263 0.835263
2226.112305 0.000000 429.848175 0.000000 0.623712 0.000000 0.781654 0.771326 0.771326 0.771326
2252.244385 0.000000 415.052032 0.000000 0.978324 0.000000 -0.207082 0.810415 0.810415 0.810415
2240.277344 0.000000 410.812927 0.000000 0.959495 0.000000 0.281726 0.786310 0.786310 0.786310
2188.957764 0.000000 413.570923 0.000000 0.369690 0.000000 -0.929155 0.916667 0.916667 0.916667
2192.737061 0.000000 411.207672 0.000000 0.976616 0.000000 -0.214991 0.811685 0.811685 0.811685
2238.131836 0.000000 418.989288 0.000000 0.054624 0.000000 -0.998507 0.984714 0.984714 0.984714
2206.516602 0.000000 439.328644 0.000000 0.880565 0.000000 0.473925 0.772389 0.772389 0.772389
2229.933594 0.000000 429.920746 0.000000 0.426439 0.000000 -0.904516 0.881265 0.881265 0.881265
2245.863770 0.000000 447.490540 0.000000 0.867820 0.000000 0.496879 0.772997 0.772997 0.772997
2243.683838 0.000000 451.729095 0.000000 0.603101 0.000000 0.797665 0.733606 0.733606 0.733606
2227.377197 0.000000 422.657928 0.000000 0.615897 0.000000 -0.787826 0.868858 0.868858 0.868858
2210.599121 0.000000 430.783173 0.000000 0.253444 0.000000 0.967350 0.650347 0.650347 0.650347
2201.314697 0.000000 407.949310 0.000000 0.502494 0.000000 -0.864581 0.908459 0.908459 0.908459
2211.783936 0.000000 436.391083 0.000000 0.844303 0.000000 -0.535866 0.897137 0.897137 0.897137
2224.637207 0.000000 427.733276 0.000000 0.023166 0.000000 -0.999732 0.966913 0.966913 0.966913
2233.696533 0.000000 407.927582 0.000000 0.430660 0.000000 0.902514 0.678606 0.678606 0.678606
2191.462402 0.000000 408.911285 0.000000 0.108997 0.000000 0.994042 0.604418 0.604418 0.604418
2190.089600 0.000000 411.391357 0.000000 0.909849 0.000000 0.414940 0.737616 0.737616 0.737616
2186.571045 0.000000 414.185089 0.000000 0.888964 0.000000 -0.457978 0.865559 0.865559 0.865559
2183.890625 0.000000 418.097168 0.000000 0.371949 0.000000 0.928253 0.655058 0.655058 0.655058
2208.164795 0.000000 437.915527 0.000000 0.010430 0.000000 0.999946 0.503940 0.503940 0.503940
2209.701904 0.000000 436.725494 0.000000 0.143803 0.000000 -0.989606 1.070660 1.070660 1.070660
2319.102295 0.000000 462.196411 0.000000 0.907124 0.000000 -0.420864 0.817352 0.817352 0.817352
2269.116211 0.000000 424.631378 0.000000 0.299601 0.000000 -0.954065 0.858180 0.858180 0.858180
2221.512695 0.000000 508.210876 0.000000 0.603159 0.000000 -0.797621 0.811065 0.811065 0.811065
2240.856934 0.000000 509.317261 0.000000 0.072767 0.000000 0.997349 0.755123 0.755123 0.755123
2223.785889 0.000000 490.705811 0.000000 0.009398 0.000000 -0.999956 0.871725 0.871725 0.871725
2196.570557 0.000000 495.656067 0.000000 0.369000 0.000000 -0.929429 0.823824 0.823824 0.823824
2257.121582 0.000000 501.942841 0.000000 0.991273 0.000000 -0.131827 0.805017 0.805017 0.805017
2224.583008 0.000000 513.756348 0.000000 0.287102 0.000000 0.957900 0.774443 0.774443 0.774443
2236.514648 0.000000 513.748352 0.000000 0.941886 0.000000 -0.335932 0.815738 0.815738 0.815738
2318.035156 0.000000 487.127136 0.000000 0.203571 0.000000 -0.979060 0.810911 0.810911 0.810911
2275.335449 0.000000 490.544586 0.000000 0.039286 0.000000 0.999228 0.751060 0.751060 0.751060
2280.562744 0.000000 495.656067 0.000000 0.698966 0.000000 0.715155 0.763396 0.763396 0.763396
2325.463867 0.000000 489.539398 0.000000 0.886038 0.000000 0.463613 0.790372 0.790372 0.790372
2276.253662 0.000000 520.336182 0.000000 0.534189 0.000000 0.845365 0.691367 0.691367 0.691367
2377.804199 0.000000 324.261017 0.000000 0.590610 0.000000 -0.806957 0.850635 0.850635 0.850635
2376.657471 0.000000 329.992157 0.000000 0.594055 0.000000 -0.804424 0.828002 0.828002 0.828002
2412.967041 0.000000 332.330383 0.000000 0.175536 0.000000 -0.984473 0.869621 0.869621 0.869621
2398.935303 0.000000 333.021088 0.000000 0.837962 0.000000 -0.545728 0.842658 0.842658 0.842658
2387.036865 0.000000 317.323364 0.000000 0.542381 0.000000 0.840132 0.730270 0.730270 0.730270
2410.283447 0.000000 334.163635 0.000000 0.151454 0.000000 -0.988464 0.936013 0.936013 0.936013
2391.913574 0.000000 320.830322 0.000000 0.396913 0.000000 0.917856 0.646743 0.646743 0.646743
2491.487549 0.000000 291.428650 0.000000 0.810188 0.000000 0.586170 0.777483 0.777483 0.777483
2471.916260 0.000000 284.659210 0.000000 0.990305 0.000000 -0.138913 0.813917 0.813917 0.813917
2404.183594 0.000000 341.080261 0.000000 0.501006 0.000000 -0.865444 0.852230 0.852230 0.852230
2373.010498 0.000000 407.879303 0.000000 0.573637 0.000000 -0.819110 0.819171 0.819171 0.819171
2540.683105 0.000000 277.256470 0.000000 0.524328 0.000000 0.851516 0.724708 0.724708 0.724708
2548.003906 0.000000 275.531036 0.000000 0.783304 0.000000 -0.621639 0.848233 0.848233 0.848233
2542.498047 0.000000 276.891510 0.000000 0.278558 0.000000 0.960419 0.480892 0.480892 0.480892
2545.091309 0.000000 279.427887 0.000000 0.173782 0.000000 0.984784 0.088958 0.088958 0.088958
2673.306396 0.000000 335.874176 0.000000 0.961202 0.000000 -0.275845 0.808372 0.808372 0.808372
2660.657227 0.000000 336.999359 0.000000 0.070116 0.000000 -0.997539 0.901901 0.901901 0.901901
2657.429199 0.000000 337.806213 0.000000 0.990942 0.000000 -0.134287 0.808878 0.808878 0.808878
2662.260010 0.000000 334.163635 0.000000 0.293461 0.000000 0.955971 0.700847 0.700847 0.700847
2590.116699 0.000000 397.506714 0.000000 0.075470 0.000000 0.997148 0.785068 0.785068 0.785068
2603.539795 0.000000 382.677612 0.000000 0.939838 0.000000 -0.341620 0.818104 0.818104 0.818104
2577.026611 0.000000 399.099915 0.000000 0.643804 0.000000 -0.765190 0.813922 0.813922 0.813922
2565.114990 0.000000 407.852539 0.000000 0.331605 0.000000 -0.943418 0.834471 0.834471 0.834471
2580.951416 0.000000 400.314758 0.000000 0.921333 0.000000 0.388773 0.764910 0.764910 0.764910
2603.659912 0.000000 378.972229 0.000000 0.928782 0.000000 -0.370627 0.831850 0.831850 0.831850
2580.021484 0.000000 406.150848 0.000000 0.994467 0.000000 0.105045 0.789491 0.789491 0.789491
2598.973633 0.000000 390.339203 0.000000 0.974042 0.000000 0.226369 0.782213 0.782213 0.782213
2601.984619 0.000000 392.163605 0.000000 0.792000 0.000000 -0.610521 0.937721 0.937721 0.937721
2578.267822 0.000000 402.148010 0.000000 0.220934 0.000000 -0.975289 0.945386 0.945386 0.945386
2601.621582 0.000000 395.264130 0.000000 0.277916 0.000000 0.960605 0.444680 0.444680 0.444680
2583.419922 0.000000 401.334778 0.000000 0.462788 0.000000 -0.886469 0.913168 0.913168 0.913168
2586.667480 0.000000 403.750763 0.000000 0.737660 0.000000 0.675173 0.709699 0.709699 0.709699
2599.409180 0.000000 396.178741 0.000000 0.439947 0.000000 0.898023 0.583939 0.583939 0.583939
2592.200439 0.000000 396.473358 0.000000 0.993746 0.000000 -0.111665 0.816538 0.816538 0.816538
2596.423828 0.000000 396.355438 0.000000 0.989387 0.000000 -0.145302 0.847471 0.847471 0.847471
2584.887695 0.000000 402.895782 0.000000 0.031653 0.000000 -0.999499 1.168883 1.168883 1.168883
2600.040283 0.000000 392.021698 0.000000 0.334217 0.000000 0.942496 0.542052 0.542052 0.542052
2581.718506 0.000000 402.086639 0.000000 0.008394 0.000000 -0.999965 1.233748 1.233748 1.233748
2595.547607 0.000000 392.590149 0.000000 0.403236 0.000000 0.915096 0.513771 0.513771 0.513771
2605.293213 0.000000 374.182556 0.000000 0.480217 0.000000 0.877150 0.791453 0.791453 0.791453
2641.473633 0.000000 372.242126 0.000000 0.543669 0.000000 -0.839300 0.843763 0.843763 0.843763
2656.160156 0.000000 341.080261 0.000000 0.337418 0.000000 -0.941355 0.822049 0.822049 0.822049
2622.211182 0.000000 364.588959 0.000000 0.643828 0.000000 -0.765170 0.808701 0.808701 0.808701
2608.429688 0.000000 390.022308 0.000000 0.973440 0.000000 0.228943 0.794925 0.794925 0.794925
2659.471924 0.000000 359.413025 0.000000 0.001783 0.000000 0.999998 0.793733 0.793733 0.793733
2633.937500 0.000000 389.789368 0.000000 0.208601 0.000000 0.978001 0.764672 0.764672 0.764672
2617.275146 0.000000 374.789459 0.000000 0.313928 0.000000 0.949447 0.787503 0.787503 0.787503
2625.177002 0.000000 394.467285 0.000000 0.837111 0.000000 -0.547033 0.825433 0.825433 0.825433
2639.688965 0.000000 381.784363 0.000000 0.401167 0.000000 0.916005 0.786123 0.786123 0.786123
2611.286865 0.000000 381.697510 0.000000 0.999526 0.000000 -0.030796 0.801230 0.801230 0.801230
2648.411865 0.000000 345.228821 0.000000 0.767958 0.000000 0.640500 0.791670 0.791670 0.791670
2647.363770 0.000000 383.339355 0.000000 0.966398 0.000000 -0.257050 0.804154 0.804154 0.804154
2628.005615 0.000000 367.731995 0.000000 0.342047 0.000000 0.939683 0.768280 0.768280 0.768280
2644.543945 0.000000 377.787598 0.000000 0.891244 0.000000 -0.453523 0.811282 0.811282 0.811282
2605.649414 0.000000 384.110077 0.000000 0.651227 0.000000 -0.758883 0.844741 0.844741 0.844741
2617.242920 0.000000 368.321686 0.000000 0.134701 0.000000 -0.990886 0.914696 0.914696 0.914696
2614.398438 0.000000 386.112732 0.000000 0.833008 0.000000 0.553262 0.784778 0.784778 0.784778
2654.820312 0.000000 362.248535 0.000000 0.637714 0.000000 0.770273 0.726243 0.726243 0.726243
2653.907715 0.000000 345.798309 0.000000 0.993017 0.000000 -0.117971 0.803306 0.803306 0.803306
2613.897217 0.000000 364.540253 0.000000 0.836674 0.000000 -0.547701 0.821995 0.821995 0.821995
2629.780762 0.000000 392.245392 0.000000 0.142830 0.000000 0.989747 0.734427 0.734427 0.734427
2674.352783 0.000000 355.128448 0.000000 0.929103 0.000000 -0.369820 0.815888 0.815888 0.815888
2640.188721 0.000000 376.497192 0.000000 0.371865 0.000000 0.928287 0.757227 0.757227 0.757227
2679.951416 0.000000 350.431458 0.000000 0.978584 0.000000 0.205850 0.792132 0.792132 0.792132
2643.355469 0.000000 384.731537 0.000000 0.813431 0.000000 -0.581662 0.823557 0.823557 0.823557
2617.951416 0.000000 364.386810 0.000000 0.673238 0.000000 -0.739426 0.899728 0.899728 0.899728
2661.214844 0.000000 369.444305 0.000000 0.342203 0.000000 -0.939626 0.863432 0.863432 0.863432
2658.566162 0.000000 363.179718 0.000000 0.990143 0.000000 0.140059 0.793545 0.793545 0.793545
2650.931885 0.000000 348.619232 0.000000 0.487135 0.000000 -0.873327 0.853026 0.853026 0.853026
2621.303467 0.000000 374.755493 0.000000 0.747508 0.000000 0.664253 0.749216 0.749216 0.749216
2643.940430 0.000000 351.004639 0.000000 0.753224 0.000000 -0.657764 0.843011 0.843011 0.843011
2614.635742 0.000000 382.552032 0.000000 0.950454 0.000000 -0.310865 0.823991 0.823991 0.823991
2630.560059 0.000000 362.798798 0.000000 0.536302 0.000000 -0.844026 0.880269 0.880269 0.880269
2606.786133 0.000000 387.043121 0.000000 0.325847 0.000000 -0.945422 0.898974 0.898974 0.898974
2608.080322 0.000000 382.009003 0.000000 0.868327 0.000000 0.495992 0.747137 0.747137 0.747137
2626.708008 0.000000 358.653870 0.000000 0.993195 0.000000 0.116461 0.789975 0.789975 0.789975
2612.222412 0.000000 384.367462 0.000000 0.366321 0.000000 0.930489 0.675814 0.675814 0.675814
2616.802979 0.000000 384.526428 0.000000 0.275858 0.000000 0.961198 0.668468 0.668468 0.668468
2612.330566 0.000000 379.247192 0.000000 0.158578 0.000000 -0.987347 0.974790 0.974790 0.974790
2652.429199 0.000000 361.256012 0.000000 0.749079 0.000000 -0.662481 1.016938 1.016938 1.016938
2660.016357 0.000000 367.017792 0.000000 0.469476 0.000000 0.882945 0.678972 0.678972 0.678972
2616.989990 0.000000 377.269073 0.000000 0.995103 0.000000 0.098840 0.786357 0.786357 0.786357
2649.385010 0.000000 356.008514 0.000000 0.183572 0.000000 -0.983006 1.060242 1.060242 1.060242
2624.491699 0.000000 372.547668 0.000000 0.354626 0.000000 -0.935008 1.079934 1.079934 1.079934
2632.776123 0.000000 359.668854 0.000000 0.761674 0.000000 0.647960 0.700042 0.700042 0.700042
2626.174561 0.000000 368.996521 0.000000 0.609112 0.000000 -0.793084 0.926214 0.926214 0.926214
2609.030762 0.000000 387.862122 0.000000 0.784742 0.000000 -0.619823 0.892128 0.892128 0.892128
2649.466309 0.000000 353.303772 0.000000 0.733942 0.000000 0.679212 0.628499 0.628499 0.628499
2618.690430 0.000000 366.434021 0.000000 0.550773 0.000000 0.834655 0.632356 0.632356 0.632356
2626.936523 0.000000 373.444031 0.000000 0.973662 0.000000 0.227994 0.721443 0.721443 0.721443
2624.341309 0.000000 370.099762 0.000000 0.997836 0.000000 -0.065748 0.813009 0.813009 0.813009
2611.795166 0.000000 386.402863 0.000000 0.978786 0.000000 0.204884 0.764970 0.764970 0.764970
2628.448975 0.000000 359.926910 0.000000 0.879480 0.000000 0.475935 0.705885 0.705885 0.705885
2604.389160 0.000000 379.087372 0.000000 0.582686 0.000000 0.812697 0.595349 0.595349 0.595349
2619.408691 0.000000 380.021088 0.000000 0.232309 0.000000 -0.972642 1.042879 1.042879 1.042879
2648.447266 0.000000 357.846405 0.000000 0.126304 0.000000 0.991992 0.528874 0.528874 0.528874
2655.273193 0.000000 358.210571 0.000000 0.783108 0.000000 0.621885 0.578827 0.578827 0.578827
2631.495117 0.000000 358.155975 0.000000 0.070429 0.000000 -0.997517 1.159577 1.159577 1.159577
2624.708008 0.000000 376.861877 0.000000 0.704554 0.000000 0.709650 0.632963 0.632963 0.632963
2654.676758 0.000000 360.423798 0.000000 0.910043 0.000000 0.414515 0.677076 0.677076 0.677076
2651.058105 0.000000 356.643341 0.000000 0.994437 0.000000 -0.105338 0.847003 0.847003 0.847003
2652.053955 0.000000 358.212738 0.000000 0.711150 0.000000 -0.703040 1.131678 1.131678 1.131678
2402.539062 0.000000 471.407196 0.000000 0.312993 0.000000 -0.949755 0.805003 0.805003 0.805003
2435.555420 0.000000 450.661987 0.000000 0.934172 0.000000 -0.356824 0.813846 0.813846 0.813846
2506.462646 0.000000 427.656647 0.000000 0.115208 0.000000 0.993341 0.744774 0.744774 0.744774
2454.226807 0.000000 432.573334 0.000000 0.017001 0.000000 -0.999855 0.837240 0.837240 0.837240
2460.750000 0.000000 442.706085 0.000000 0.615869 0.000000 -0.787848 0.807248 0.807248 0.807248
2449.290771 0.000000 442.773834 0.000000 0.963599 0.000000 0.267352 0.796757 0.796757 0.796757
2486.019531 0.000000 419.142761 0.000000 0.190388 0.000000 0.981709 0.761435 0.761435 0.761435
2491.930664 0.000000 415.419922 0.000000 0.194568 0.000000 -0.980889 0.865908 0.865908 0.865908
2460.021240 0.000000 435.716370 0.000000 0.472217 0.000000 -0.881482 0.821550 0.821550 0.821550
2404.183594 0.000000 477.049011 0.000000 0.124436 0.000000 0.992228 0.779783 0.779783 0.779783
2557.497803 0.000000 408.848358 0.000000 0.448557 0.000000 0.893754 0.793375 0.793375 0.793375
2537.608398 0.000000 414.741364 0.000000 0.734726 0.000000 -0.678364 0.816379 0.816379 0.816379
2556.581543 0.000000 413.513824 0.000000 0.658848 0.000000 0.752276 0.731973 0.731973 0.731973
2564.537598 0.000000 415.549805 0.000000 0.590614 0.000000 0.806954 0.625591 0.625591 0.625591
2562.624023 0.000000 414.134827 0.000000 0.103085 0.000000 -0.994673 1.213271 1.213271 1.213271
2558.396729 0.000000 413.996735 0.000000 0.998076 0.000000 0.062003 0.787856 0.787856 0.787856
2616.695312 0.000000 408.882538 0.000000 0.200811 0.000000 0.979630 0.753532 0.753532 0.753532
7554.716309 0.000000 3724.962402 0.000000 0.343994 0.000000 -0.938972 0.841410 0.841410 0.841410
7520.266602 0.000000 3728.801514 0.000000 0.389362 0.000000 0.921085 0.741538 0.741538 0.741538
7558.781738 0.000000 3720.435547 0.000000 0.239448 0.000000 0.970909 0.651358 0.651358 0.651358
7531.689941 0.000000 3725.458984 0.000000 0.759509 0.000000 0.650497 0.742005 0.742005 0.742005
7524.974609 0.000000 3729.911865 0.000000 0.322211 0.000000 -0.946668 0.876943 0.876943 0.876943
7557.829102 0.000000 3729.377930 0.000000 0.987046 0.000000 0.160439 0.790667 0.790667 0.790667
7524.110840 0.000000 3727.074219 0.000000 0.927095 0.000000 0.374827 0.765469 0.765469 0.765469
7551.125488 0.000000 3778.305420 0.000000 0.999991 0.000000 0.004263 0.799847 0.799847 0.799847
7559.079102 0.000000 3781.896484 0.000000 0.617556 0.000000 -0.786527 0.868697 0.868697 0.868697
7549.899902 0.000000 3771.940430 0.000000 0.054258 0.000000 -0.998527 0.851490 0.851490 0.851490
7559.199219 0.000000 3778.190918 0.000000 0.481949 0.000000 -0.876199 0.910910 0.910910 0.910910
7546.002441 0.000000 3772.854980 0.000000 0.993627 0.000000 0.112718 0.792781 0.792781 0.792781
7555.062988 0.000000 3778.167480 0.000000 0.735524 0.000000 -0.677499 0.847573 0.847573 0.847573
7563.968750 0.000000 3721.256592 0.000000 0.718518 0.000000 -0.695508 0.867590 0.867590 0.867590
7572.997559 0.000000 3732.262695 0.000000 0.971569 0.000000 -0.236755 0.803342 0.803342 0.803342
7559.577637 0.000000 3725.989746 0.000000 0.355488 0.000000 -0.934681 0.831348 0.831348 0.831348
7570.131836 0.000000 3727.551758 0.000000 0.989856 0.000000 -0.142075 0.806264 0.806264 0.806264
7568.132324 0.000000 3723.191650 0.000000 0.660738 0.000000 0.750617 0.723696 0.723696 0.723696
7559.386230 0.000000 3719.324707 0.000000 0.399984 0.000000 0.916522 0.714330 0.714330 0.714330
7560.899414 0.000000 3722.704102 0.000000 0.969283 0.000000 0.245947 0.781637 0.781637 0.781637
7570.446777 0.000000 3724.431152 0.000000 0.547674 0.000000 0.836692 0.673300 0.673300 0.673300
7583.972656 0.000000 3744.962158 0.000000 0.937583 0.000000 -0.347760 0.812060 0.812060 0.812060
7597.012695 0.000000 3771.460938 0.000000 0.061378 0.000000 0.998115 0.769854 0.769854 0.769854
7572.234375 0.000000 3740.116943 0.000000 0.945497 0.000000 0.325630 0.792051 0.792051 0.792051
7580.716309 0.000000 3793.686035 0.000000 0.381605 0.000000 0.924325 0.738763 0.738763 0.738763
7595.103027 0.000000 3793.715576 0.000000 0.999402 0.000000 0.034591 0.796200 0.796200 0.796200
7604.645996 0.000000 3807.071289 0.000000 0.995221 0.000000 0.097646 0.796875 0.796875 0.796875
7588.646484 0.000000 3795.437500 0.000000 0.312117 0.000000 0.950044 0.769961 0.769961 0.769961
7579.471191 0.000000 3741.062988 0.000000 0.742434 0.000000 -0.669919 0.817594 0.817594 0.817594
7561.931641 0.000000 3778.283203 0.000000 0.938803 0.000000 -0.344455 0.837927 0.837927 0.837927
7600.300293 0.000000 3766.208252 0.000000 0.142934 0.000000 -0.989732 0.971048 0.971048 0.971048
7591.241699 0.000000 3792.615234 0.000000 0.959511 0.000000 -0.281673 0.818249 0.818249 0.818249
7575.497070 0.000000 3742.148193 0.000000 0.740619 0.000000 -0.671925 0.833846 0.833846 0.833846
7598.117188 0.000000 3791.409424 0.000000 0.957615 0.000000 -0.288051 0.822176 0.822176 0.822176
7580.214355 0.000000 3744.459717 0.000000 0.411550 0.000000 -0.911387 0.870994 0.870994 0.870994
7585.327148 0.000000 3794.445068 0.000000 0.684070 0.000000 0.729416 0.718366 0.718366 0.718366
7577.878418 0.000000 3743.218018 0.000000 0.955674 0.000000 -0.294425 0.830441 0.830441 0.830441
7595.679199 0.000000 3790.569580 0.000000 0.398543 0.000000 -0.917150 0.941431 0.941431 0.941431
7545.994141 0.000000 3826.875488 0.000000 0.832195 0.000000 -0.554483 0.808217 0.808217 0.808217
7536.459961 0.000000 3859.878662 0.000000 0.682338 0.000000 0.731037 0.783626 0.783626 0.783626
7540.090820 0.000000 3849.268066 0.000000 0.980553 0.000000 -0.196253 0.812625 0.812625 0.812625
7554.864258 0.000000 3835.695557 0.000000 0.903762 0.000000 -0.428036 0.815018 0.815018 0.815018
7556.867188 0.000000 3843.306152 0.000000 0.783207 0.000000 0.621761 0.724953 0.724953 0.724953
7546.109375 0.000000 3849.629395 0.000000 0.733854 0.000000 -0.679308 0.835798 0.835798 0.835798
7545.899414 0.000000 3822.331543 0.000000 0.083458 0.000000 -0.996511 0.924756 0.924756 0.924756
7514.553223 0.000000 3872.844727 0.000000 0.724723 0.000000 -0.689040 0.860729 0.860729 0.860729
7557.392090 0.000000 3838.905762 0.000000 0.990523 0.000000 -0.137347 0.808806 0.808806 0.808806
7532.761719 0.000000 3836.647461 0.000000 0.999910 0.000000 -0.013422 0.801421 0.801421 0.801421
7539.755859 0.000000 3861.217041 0.000000 0.996847 0.000000 -0.079347 0.805077 0.805077 0.805077
7536.489258 0.000000 3834.112549 0.000000 0.133934 0.000000 0.990990 0.673766 0.673766 0.673766
7537.656738 0.000000 3862.869873 0.000000 0.015940 0.000000 -0.999873 0.980114 0.980114 0.980114
7462.001953 0.000000 3894.859863 0.000000 0.635599 0.000000 -0.772019 0.817616 0.817616 0.817616
7466.508789 0.000000 3890.209229 0.000000 0.592181 0.000000 -0.805805 0.837430 0.837430 0.837430
7465.348145 0.000000 3893.555420 0.000000 0.996676 0.000000 -0.081465 0.810099 0.810099 0.810099
7493.758301 0.000000 3899.776367 0.000000 0.453460 0.000000 -0.891276 0.938428 0.938428 0.938428
7521.787109 0.000000 3900.788086 0.000000 0.565513 0.000000 0.824739 0.761264 0.761264 0.761264
7521.875977 0.000000 3893.452148 0.000000 0.982162 0.000000 -0.188039 0.809067 0.809067 0.809067
7476.631836 0.000000 3891.834473 0.000000 0.404211 0.000000 -0.914666 0.864573 0.864573 0.864573
7528.022461 0.000000 3912.967041 0.000000 0.301911 0.000000 0.953336 0.744456 0.744456 0.744456
7493.250488 0.000000 3892.792969 0.000000 0.999876 0.000000 0.015716 0.797614 0.797614 0.797614
7495.479004 0.000000 3877.031738 0.000000 0.945779 0.000000 0.324811 0.792072 0.792072 0.792072
7482.176270 0.000000 3911.510498 0.000000 0.264601 0.000000 -0.964358 0.867663 0.867663 0.867663
7509.239746 0.000000 3879.982666 0.000000 0.840981 0.000000 -0.541065 0.842248 0.842248 0.842248
7477.939453 0.000000 3914.251953 0.000000 0.001478 0.000000 0.999999 0.712240 0.712240 0.712240
7493.837891 0.000000 3888.677490 0.000000 0.787145 0.000000 -0.616768 0.873008 0.873008 0.873008
7491.732910 0.000000 3896.349365 0.000000 0.323472 0.000000 0.946238 0.599171 0.599171 0.599171
7518.016602 0.000000 3893.144287 0.000000 0.708483 0.000000 -0.705728 0.850072 0.850072 0.850072
7515.006836 0.000000 3879.525635 0.000000 0.038066 0.000000 -0.999275 0.897959 0.897959 0.897959
7521.441406 0.000000 3897.123779 0.000000 0.730576 0.000000 0.682832 0.726442 0.726442 0.726442
7480.765137 0.000000 3908.271973 0.000000 0.615891 0.000000 0.787832 0.732954 0.732954 0.732954
7490.210938 0.000000 3891.299805 0.000000 0.691295 0.000000 0.722573 0.732262 0.732262 0.732262
7526.875488 0.000000 3915.957764 0.000000 0.718761 0.000000 -0.695258 0.878307 0.878307 0.878307
7479.120117 0.000000 3911.351807 0.000000 0.819326 0.000000 0.573328 0.700006 0.700006 0.700006
7495.715820 0.000000 3883.112793 0.000000 0.849172 0.000000 -0.528116 0.863340 0.863340 0.863340
7524.752441 0.000000 3918.453369 0.000000 0.999298 0.000000 0.037460 0.795211 0.795211 0.795211
7490.756348 0.000000 3893.863037 0.000000 0.531164 0.000000 -0.847269 0.929207 0.929207 0.929207
7493.712891 0.000000 3897.390869 0.000000 0.812756 0.000000 0.582605 0.706839 0.706839 0.706839
7560.832031 0.000000 3841.385742 0.000000 0.985668 0.000000 0.168695 0.788490 0.788490 0.788490
7611.699219 0.000000 3808.283447 0.000000 0.259901 0.000000 0.965635 0.719024 0.719024 0.719024
7573.789062 0.000000 3819.992188 0.000000 0.742794 0.000000 -0.669520 0.804395 0.804395 0.804395
7589.406250 0.000000 3828.955811 0.000000 0.963643 0.000000 0.267194 0.782713 0.782713 0.782713
7566.843262 0.000000 3821.779053 0.000000 0.686600 0.000000 0.727035 0.747976 0.747976 0.747976
7560.624023 0.000000 3823.850098 0.000000 0.986767 0.000000 0.162147 0.793820 0.793820 0.793820
7566.168457 0.000000 3843.526123 0.000000 0.948833 0.000000 0.315779 0.788450 0.788450 0.788450
7597.555664 0.000000 3826.503662 0.000000 0.667374 0.000000 0.744723 0.746307 0.746307 0.746307
7570.891602 0.000000 3822.658936 0.000000 0.167590 0.000000 -0.985857 0.858820 0.858820 0.858820
7563.270020 0.000000 3820.674316 0.000000 0.624526 0.000000 -0.781004 0.857282 0.857282 0.857282
7564.757324 0.000000 3840.287598 0.000000 0.409510 0.000000 0.912306 0.726573 0.726573 0.726573
7563.112305 0.000000 3843.367432 0.000000 0.266536 0.000000 0.963825 0.688269 0.688269 0.688269
8311.462891 0.000000 3188.933594 0.000000 0.725903 0.000000 0.687797 0.754556 0.754556 0.754556
8283.952148 0.000000 3165.138916 0.000000 0.917435 0.000000 -0.397885 0.861297 0.861297 0.861297
8280.648438 0.000000 3165.385742 0.000000 0.978659 0.000000 -0.205493 0.813228 0.813228 0.813228
8311.220703 0.000000 3186.566650 0.000000 0.753449 0.000000 0.657506 0.676760 0.676760 0.676760
8268.615234 0.000000 3219.174805 0.000000 0.382686 0.000000 0.923879 0.672941 0.672941 0.672941
8269.493164 0.000000 3214.644287 0.000000 0.861745 0.000000 -0.507342 0.820192 0.820192 0.820192
8268.311523 0.000000 3211.414551 0.000000 0.977316 0.000000 -0.211786 0.819180 0.819180 0.819180
8266.984375 0.000000 3214.374512 0.000000 0.901402 0.000000 -0.432983 0.884070 0.884070 0.884070
8267.958984 0.000000 3216.784912 0.000000 0.432849 0.000000 0.901466 0.600356 0.600356 0.600356
8269.998047 0.000000 3221.058350 0.000000 0.240895 0.000000 0.970551 0.606451 0.606451 0.606451
8317.721680 0.000000 3252.540039 0.000000 0.157437 0.000000 -0.987529 0.972112 0.972112 0.972112
8318.579102 0.000000 3250.818848 0.000000 0.763142 0.000000 -0.646231 0.972610 0.972610 0.972610
8734.969727 0.000000 3034.068359 0.000000 0.598207 0.000000 0.801342 0.738735 0.738735 0.738735
8735.089844 0.000000 3030.362793 0.000000 0.938690 0.000000 -0.344762 0.826714 0.826714 0.826714
8426.737305 0.000000 3258.003174 0.000000 0.501580 0.000000 0.865111 0.781209 0.781209 0.781209
8425.870117 0.000000 3255.262939 0.000000 0.494299 0.000000 0.869292 0.534817 0.534817 0.534817
8509.862305 0.000000 3255.262939 0.000000 0.014866 0.000000 -0.999889 0.986454 0.986454 0.986454
8804.736328 0.000000 2919.280518 0.000000 0.486946 0.000000 0.873432 0.710898 0.710898 0.710898
8808.830078 0.000000 2924.307373 0.000000 0.914720 0.000000 0.404087 0.786707 0.786707 0.786707
8792.247070 0.000000 2956.754883 0.000000 0.650863 0.000000 0.759195 0.727686 0.727686 0.727686
8811.007812 0.000000 2962.492920 0.000000 0.440802 0.000000 0.897604 0.483975 0.483975 0.483975
8815.486328 0.000000 2935.763184 0.000000 0.336492 0.000000 -0.941687 0.849037 0.849037 0.849037
8763.125000 0.000000 2965.373535 0.000000 0.833132 0.000000 0.553075 0.734453 0.734453 0.734453
8804.772461 0.000000 2960.549561 0.000000 0.680349 0.000000 -0.732888 0.895285 0.895285 0.895285
8798.461914 0.000000 2958.996094 0.000000 0.066487 0.000000 -0.997787 0.848070 0.848070 0.848070
8816.750000 0.000000 2959.509277 0.000000 0.204160 0.000000 -0.978937 0.887252 0.887252 0.887252
8759.488281 0.000000 2971.077881 0.000000 0.578598 0.000000 -0.815612 0.857148 0.857148 0.857148
8812.342773 0.000000 2943.638428 0.000000 0.601154 0.000000 0.799133 0.761168 0.761168 0.761168
8810.383789 0.000000 2938.427979 0.000000 0.934739 0.000000 -0.355335 0.821041 0.821041 0.821041
8805.992188 0.000000 2965.832520 0.000000 0.486958 0.000000 0.873426 0.649377 0.649377 0.649377
8810.055664 0.000000 2929.646973 0.000000 0.612035 0.000000 -0.790831 0.869229 0.869229 0.869229
8815.258789 0.000000 2940.292236 0.000000 0.554407 0.000000 -0.832246 0.882470 0.882470 0.882470
8811.380859 0.000000 2933.837646 0.000000 0.134647 0.000000 -0.990894 0.874555 0.874555 0.874555
8788.096680 0.000000 2957.014160 0.000000 0.952040 0.000000 0.305972 0.750315 0.750315 0.750315
8817.275391 0.000000 2955.108887 0.000000 0.999995 0.000000 0.003311 0.799855 0.799855 0.799855
8806.028320 0.000000 2927.173828 0.000000 0.043353 0.000000 0.999060 0.708481 0.708481 0.708481
8813.848633 0.000000 2956.868652 0.000000 0.610501 0.000000 0.792015 0.531625 0.531625 0.531625
8795.851562 0.000000 2956.343994 0.000000 0.890586 0.000000 -0.454814 0.839607 0.839607 0.839607
8807.702148 0.000000 2963.051025 0.000000 0.771864 0.000000 0.635788 0.651375 0.651375 0.651375
8759.999023 0.000000 2967.623047 0.000000 0.993766 0.000000 -0.111484 0.808925 0.808925 0.808925
8803.016602 0.000000 2964.460938 0.000000 0.993911 0.000000 -0.110189 0.811247 0.811247 0.811247
8812.938477 0.000000 2959.876953 0.000000 0.276562 0.000000 0.960996 0.379851 0.379851 0.379851
8812.579102 0.000000 2936.486328 0.000000 0.137603 0.000000 -0.990487 0.920185 0.920185 0.920185
8812.221680 0.000000 2940.689453 0.000000 0.884069 0.000000 -0.467357 0.840793 0.840793 0.840793
8811.837891 0.000000 2965.034912 0.000000 0.014809 0.000000 -0.999890 0.942953 0.942953 0.942953
8813.158203 0.000000 2954.064697 0.000000 0.999920 0.000000 0.012672 0.797545 0.797545 0.797545
8810.732422 0.000000 2958.545898 0.000000 0.534827 0.000000 0.844962 0.592949 0.592949 0.592949
8805.151367 0.000000 2963.124512 0.000000 0.560934 0.000000 0.827860 0.599369 0.599369 0.599369
8808.677734 0.000000 2965.315674 0.000000 0.340713 0.000000 0.940167 0.621671 0.621671 0.621671
8812.019531 0.000000 2955.905762 0.000000 0.110726 0.000000 -0.993851 1.082818 1.082818 1.082818
8814.655273 0.000000 2958.714355 0.000000 0.944841 0.000000 -0.327530 0.880641 0.880641 0.880641
8811.148438 0.000000 2960.493896 0.000000 0.993228 0.000000 0.116184 0.767672 0.767672 0.767672
8809.500977 0.000000 2963.639893 0.000000 0.079895 0.000000 -0.996803 1.166234 1.166234 1.166234
8812.421875 0.000000 2958.021484 0.000000 0.374994 0.000000 -0.927027 1.186234 1.186234 1.186234
8812.580078 0.000000 2961.626465 0.000000 0.688378 0.000000 0.725353 0.574702 0.574702 0.574702
8754.152344 0.000000 3035.843018 0.000000 0.990541 0.000000 -0.137220 0.801925 0.801925 0.801925
8753.640625 0.000000 3015.979492 0.000000 0.151153 0.000000 0.988510 0.635616 0.635616 0.635616
8760.164062 0.000000 3026.112305 0.000000 0.973011 0.000000 -0.230757 0.838136 0.838136 0.838136
8781.669922 0.000000 3016.991211 0.000000 0.090312 0.000000 -0.995914 0.924179 0.924179 0.924179
8748.705078 0.000000 3026.180176 0.000000 0.346296 0.000000 -0.938125 0.870499 0.870499 0.870499
8763.125000 0.000000 3033.357910 0.000000 0.773550 0.000000 0.633735 0.778066 0.778066 0.778066
8747.960938 0.000000 3011.077881 0.000000 0.423970 0.000000 0.905676 0.777372 0.777372 0.777372
8742.900391 0.000000 3055.903320 0.000000 0.226797 0.000000 -0.973942 0.912573 0.912573 0.912573
8753.948242 0.000000 3022.570068 0.000000 0.267608 0.000000 0.963528 0.711730 0.711730 0.711730
8754.450195 0.000000 3029.422119 0.000000 0.707053 0.000000 0.707161 0.613315 0.613315 0.613315
8737.079102 0.000000 3035.500732 0.000000 0.985933 0.000000 0.167141 0.794298 0.794298 0.794298
8758.804688 0.000000 3013.026611 0.000000 0.361400 0.000000 -0.932411 0.835981 0.835981 0.835981
8777.502930 0.000000 3013.254395 0.000000 0.952270 0.000000 0.305257 0.780794 0.780794 0.780794
8737.822266 0.000000 3030.455078 0.000000 0.534392 0.000000 0.845237 0.715528 0.715528 0.715528
8758.141602 0.000000 3032.975830 0.000000 0.033897 0.000000 -0.999425 1.281918 1.281918 1.281918
8776.190430 0.000000 3018.380127 0.000000 0.967684 0.000000 0.252166 0.778107 0.778107 0.778107
8773.446289 0.000000 3010.691162 0.000000 0.931720 0.000000 -0.363179 0.811877 0.811877 0.811877
8746.958984 0.000000 3057.472900 0.000000 0.941507 0.000000 0.336993 0.749200 0.749200 0.749200
8763.045898 0.000000 3029.151855 0.000000 0.963403 0.000000 -0.268058 0.817886 0.817886 0.817886
8739.150391 0.000000 3057.726807 0.000000 0.170386 0.000000 0.985377 0.699370 0.699370 0.699370
8751.615234 0.000000 3012.552490 0.000000 0.284201 0.000000 -0.958765 0.907592 0.907592 0.907592
8781.324219 0.000000 3013.326904 0.000000 0.039949 0.000000 0.999202 0.714391 0.714391 0.714391
8752.733398 0.000000 3026.145996 0.000000 0.375450 0.000000 -0.926843 0.963430 0.963430 0.963430
8750.787109 0.000000 3029.319580 0.000000 0.909991 0.000000 -0.414629 0.852087 0.852087 0.852087
8756.562500 0.000000 3026.420166 0.000000 0.392038 0.000000 -0.919949 0.897972 0.897972 0.897972
8759.097656 0.000000 3029.558838 0.000000 0.627213 0.000000 -0.778848 1.044297 1.044297 1.044297
8757.124023 0.000000 3016.065430 0.000000 0.984036 0.000000 -0.177967 0.826086 0.826086 0.826086
8759.999023 0.000000 3035.607422 0.000000 0.907327 0.000000 -0.420425 0.839865 0.839865 0.839865
8746.296875 0.000000 3054.357422 0.000000 0.504115 0.000000 0.863636 0.710474 0.710474 0.710474
8778.525391 0.000000 3016.240723 0.000000 0.892031 0.000000 -0.451975 0.864630 0.864630 0.864630
8757.060547 0.000000 3035.809570 0.000000 0.525026 0.000000 0.851086 0.692236 0.692236 0.692236
8735.436523 0.000000 3033.100342 0.000000 0.301007 0.000000 0.953622 0.610505 0.610505 0.610505
8783.922852 0.000000 3015.245361 0.000000 0.493418 0.000000 0.869792 0.654641 0.654641 0.654641
8760.899414 0.000000 3031.681641 0.000000 0.654051 0.000000 -0.756451 0.991898 0.991898 0.991898
8755.340820 0.000000 3032.081543 0.000000 0.795934 0.000000 0.605383 0.725974 0.725974 0.725974
8756.760742 0.000000 3029.960205 0.000000 0.915839 0.000000 -0.401546 0.914712 0.914712 0.914712
8755.666992 0.000000 3014.271240 0.000000 0.641951 0.000000 0.766746 0.613274 0.613274 0.613274
8744.738281 0.000000 3057.392334 0.000000 0.496285 0.000000 0.868160 0.644596 0.644596 0.644596
8760.936523 0.000000 3028.484131 0.000000 0.167887 0.000000 0.985806 0.528366 0.528366 0.528366
8761.124023 0.000000 3033.871338 0.000000 0.843522 0.000000 -0.537095 0.896255 0.896255 0.896255
8752.597656 0.000000 3028.443848 0.000000 0.277061 0.000000 -0.960852 1.037044 1.037044 1.037044
8758.203125 0.000000 3031.156006 0.000000 0.348875 0.000000 0.937169 0.254263 0.254263 0.254263
8756.137695 0.000000 3028.252441 0.000000 0.331223 0.000000 0.943552 0.457645 0.457645 0.457645
8846.698242 0.000000 3122.034424 0.000000 0.489683 0.000000 -0.871900 0.880378 0.880378 0.880378
8869.937500 0.000000 3122.797852 0.000000 0.745183 0.000000 -0.666860 0.929758 0.929758 0.929758
8844.156250 0.000000 3094.096680 0.000000 0.566815 0.000000 0.823845 0.682047 0.682047 0.682047
8857.871094 0.000000 3120.654297 0.000000 0.320068 0.000000 0.947395 0.578697 0.578697 0.578697
8840.598633 0.000000 3113.842285 0.000000 0.067960 0.000000 -0.997688 0.890042 0.890042 0.890042
8855.110352 0.000000 3101.159424 0.000000 0.720224 0.000000 -0.693741 0.821437 0.821437 0.821437
8847.117188 0.000000 3101.342285 0.000000 0.086687 0.000000 -0.996236 1.090463 1.090463 1.090463
8849.828125 0.000000 3089.017822 0.000000 0.395579 0.000000 -0.918432 1.085973 1.085973 1.085973
8864.529297 0.000000 3127.227539 0.000000 0.094368 0.000000 -0.995537 0.991652 0.991652 0.991652
8851.180664 0.000000 3095.828613 0.000000 0.413693 0.000000 0.910416 0.710869 0.710869 0.710869
8843.427734 0.000000 3087.106934 0.000000 0.429199 0.000000 -0.903210 0.930574 0.930574 0.930574
8848.529297 0.000000 3115.593750 0.000000 0.929853 0.000000 -0.367930 0.853429 0.853429 0.853429
8852.526367 0.000000 3124.681396 0.000000 0.996711 0.000000 -0.081035 0.809235 0.809235 0.809235
8859.965820 0.000000 3097.162598 0.000000 0.850293 0.000000 -0.526309 0.828781 0.828781 0.828781
8856.193359 0.000000 3107.481201 0.000000 0.123161 0.000000 -0.992387 0.883829 0.883829 0.883829
8852.637695 0.000000 3119.216797 0.000000 0.218707 0.000000 -0.975791 0.913269 0.913269 0.913269
8863.262695 0.000000 3122.002441 0.000000 0.440405 0.000000 -0.897799 0.893509 0.893509 0.893509
8850.923828 0.000000 3104.441650 0.000000 0.121468 0.000000 0.992595 0.406409 0.406409 0.406409
8842.133789 0.000000 3100.960205 0.000000 0.261345 0.000000 0.965245 0.695634 0.695634 0.695634
8845.203125 0.000000 3111.620361 0.000000 0.099323 0.000000 -0.995055 0.852894 0.852894 0.852894
8844.055664 0.000000 3117.351562 0.000000 0.793622 0.000000 -0.608411 0.854865 0.854865 0.854865
8854.251953 0.000000 3087.303467 0.000000 0.821157 0.000000 -0.570703 0.870357 0.870357 0.870357
8868.849609 0.000000 3118.052490 0.000000 0.333018 0.000000 -0.942921 1.114776 1.114776 1.114776
8855.610352 0.000000 3095.872314 0.000000 0.794303 0.000000 0.607522 0.764790 0.764790 0.764790
8858.427734 0.000000 3125.016602 0.000000 0.304140 0.000000 -0.952627 0.928522 0.928522 0.928522
8858.777344 0.000000 3104.106445 0.000000 0.962309 0.000000 0.271958 0.782397 0.782397 0.782397
8847.038086 0.000000 3097.136230 0.000000 0.998268 0.000000 -0.058835 0.814814 0.814814 0.814814
8848.054688 0.000000 3092.607422 0.000000 0.714986 0.000000 0.699139 0.529407 0.529407 0.529407
8846.835938 0.000000 3105.193848 0.000000 0.996082 0.000000 0.088435 0.776832 0.776832 0.776832
8848.746094 0.000000 3125.653320 0.000000 0.652119 0.000000 -0.758117 0.908263 0.908263 0.908263
8851.124023 0.000000 3112.771484 0.000000 0.130038 0.000000 0.991509 0.661914 0.661914 0.661914
8863.689453 0.000000 3098.791016 0.000000 0.409435 0.000000 -0.912339 0.884906 0.884906 0.884906
8851.533203 0.000000 3084.243896 0.000000 0.938937 0.000000 0.344090 0.774042 0.774042 0.774042
8836.469727 0.000000 3119.072266 0.000000 0.939558 0.000000 0.342391 0.772082 0.772082 0.772082
8866.522461 0.000000 3124.083984 0.000000 0.875439 0.000000 -0.483329 0.863473 0.863473 0.863473
8858.643555 0.000000 3100.454834 0.000000 0.203288 0.000000 0.979119 0.472593 0.472593 0.472593
8866.333984 0.000000 3120.380371 0.000000 0.999932 0.000000 0.011687 0.799206 0.799206 0.799206
8869.140625 0.000000 3126.169434 0.000000 0.437030 0.000000 -0.899447 0.913930 0.913930 0.913930
8839.338867 0.000000 3117.145264 0.000000 0.699238 0.000000 -0.714889 0.866811 0.866811 0.866811
8854.686523 0.000000 3121.943359 0.000000 0.877399 0.000000 -0.479762 0.857964 0.857964 0.857964
8846.230469 0.000000 3108.553711 0.000000 0.756807 0.000000 0.653638 0.716055 0.716055 0.716055
8845.209961 0.000000 3114.601318 0.000000 0.999830 0.000000 0.018432 0.797865 0.797865 0.797865
8848.143555 0.000000 3112.103516 0.000000 0.592646 0.000000 -0.805463 0.957107 0.957107 0.957107
8860.228516 0.000000 3122.636475 0.000000 0.474430 0.000000 -0.880293 1.025749 1.025749 1.025749
8851.814453 0.000000 3107.242920 0.000000 0.886277 0.000000 -0.463156 0.925993 0.925993 0.925993
8856.422852 0.000000 3098.556152 0.000000 0.994362 0.000000 0.106034 0.777934 0.777934 0.777934
8844.891602 0.000000 3099.666016 0.000000 0.909559 0.000000 -0.415574 0.917267 0.917267 0.917267
8852.771484 0.000000 3102.459717 0.000000 0.869826 0.000000 0.493358 0.752598 0.752598 0.752598
8861.411133 0.000000 3100.455322 0.000000 0.910590 0.000000 0.413310 0.737026 0.737026 0.737026
8849.571289 0.000000 3102.182861 0.000000 0.507436 0.000000 -0.861689 1.109072 1.109072 1.109072
8855.379883 0.000000 3119.474365 0.000000 0.857214 0.000000 -0.514961 0.858343 0.858343 0.858343
8849.011719 0.000000 3106.585693 0.000000 0.744244 0.000000 -0.667908 1.080467 1.080467 1.080467
8849.370117 0.000000 3098.152588 0.000000 0.999034 0.000000 -0.043951 0.804742 0.804742 0.804742
8856.975586 0.000000 3123.008789 0.000000 0.831506 0.000000 -0.555516 0.919987 0.919987 0.919987
8848.700195 0.000000 3094.986816 0.000000 0.030186 0.000000 0.999544 0.375380 0.375380 0.375380
8852.375000 0.000000 3088.989014 0.000000 0.636926 0.000000 0.770925 0.548584 0.548584 0.548584
8850.419922 0.000000 3093.090576 0.000000 0.911978 0.000000 -0.410240 0.863320 0.863320 0.863320
8869.105469 0.000000 3120.458252 0.000000 0.559019 0.000000 -0.829155 1.102636 1.102636 1.102636
8846.327148 0.000000 3094.884766 0.000000 0.374745 0.000000 -0.927128 1.146031 1.146031 1.146031
8866.893555 0.000000 3126.546387 0.000000 0.848146 0.000000 0.529763 0.679569 0.679569 0.679569
8852.040039 0.000000 3086.426514 0.000000 0.567977 0.000000 -0.823045 1.199682 1.199682 1.199682
8847.806641 0.000000 3090.384521 0.000000 0.941406 0.000000 0.337275 0.728542 0.728542 0.728542
8861.434570 0.000000 3120.739502 0.000000 0.640471 0.000000 -0.767982 0.976644 0.976644 0.976644
8850.672852 0.000000 3090.930908 0.000000 0.639175 0.000000 -0.769061 1.019040 1.019040 1.019040
8844.928711 0.000000 3096.468506 0.000000 0.991922 0.000000 -0.126848 0.826419 0.826419 0.826419
8848.699219 0.000000 3104.122314 0.000000 0.808208 0.000000 -0.588898 1.060333 1.060333 1.060333
8848.843750 0.000000 3100.153076 0.000000 0.285090 0.000000 0.958501 0.584972 0.584972 0.584972
8845.116211 0.000000 3101.855713 0.000000 0.963725 0.000000 0.266896 0.754134 0.754134 0.754134
8871.344727 0.000000 3121.238525 0.000000 0.210008 0.000000 0.977700 0.447093 0.447093 0.447093
8846.839844 0.000000 3099.238525 0.000000 0.905695 0.000000 -0.423929 0.907545 0.907545 0.907545
8868.463867 0.000000 3124.357422 0.000000 0.975425 0.000000 0.220334 0.757849 0.757849 0.757849
8852.603516 0.000000 3105.394531 0.000000 0.777842 0.000000 0.628460 0.673774 0.673774 0.673774
8846.735352 0.000000 3103.240723 0.000000 0.267156 0.000000 -0.963653 1.114252 1.114252 1.114252
8847.305664 0.000000 3107.097412 0.000000 0.931163 0.000000 -0.364604 0.884974 0.884974 0.884974
8858.536133 0.000000 3122.258789 0.000000 0.925139 0.000000 0.379628 0.684121 0.684121 0.684121
8845.612305 0.000000 3098.078369 0.000000 0.582908 0.000000 -0.812538 1.059528 1.059528 1.059528
8851.111328 0.000000 3087.906738 0.000000 0.579717 0.000000 0.814818 0.516572 0.516572 0.516572
8850.282227 0.000000 3107.735107 0.000000 0.943237 0.000000 0.332122 0.711422 0.711422 0.711422
8846.698242 0.000000 3190.018799 0.000000 0.489328 0.000000 0.872100 0.797884 0.797884 0.797884
8861.685547 0.000000 3178.440918 0.000000 0.914985 0.000000 0.403488 0.774285 0.774285 0.774285
8859.168945 0.000000 3142.096436 0.000000 0.744166 0.000000 -0.667995 0.817532 0.817532 0.817532
8849.289062 0.000000 3149.112061 0.000000 0.999191 0.000000 -0.040221 0.803294 0.803294 0.803294
8869.425781 0.000000 3138.517822 0.000000 0.252209 0.000000 -0.967673 0.934030 0.934030 0.934030
8851.482422 0.000000 3137.774658 0.000000 0.159116 0.000000 -0.987260 0.918360 0.918360 0.918360
8863.833984 0.000000 3132.588135 0.000000 0.484255 0.000000 -0.874927 0.831914 0.831914 0.831914
8856.560547 0.000000 3151.190430 0.000000 0.539659 0.000000 -0.841884 0.871956 0.871956 0.871956
8865.750977 0.000000 3145.624023 0.000000 0.928561 0.000000 0.371179 0.759746 0.759746 0.759746
8849.482422 0.000000 3127.820068 0.000000 0.813356 0.000000 0.581766 0.787599 0.787599 0.787599
8851.180664 0.000000 3163.812988 0.000000 0.173406 0.000000 0.984850 0.677277 0.677277 0.677277
8843.427734 0.000000 3155.091309 0.000000 0.970424 0.000000 0.241406 0.784417 0.784417 0.784417
8848.529297 0.000000 3183.578125 0.000000 0.890228 0.000000 0.455515 0.756549 0.756549 0.756549
8859.965820 0.000000 3165.146973 0.000000 0.788244 0.000000 -0.615363 0.829125 0.829125 0.829125
8843.480469 0.000000 3175.031006 0.000000 0.348837 0.000000 0.937183 0.712679 0.712679 0.712679
8863.790039 0.000000 3138.783691 0.000000 0.726356 0.000000 0.687318 0.616868 0.616868 0.616868
8861.495117 0.000000 3149.223145 0.000000 0.948605 0.000000 -0.316461 0.854021 0.854021 0.854021
8847.605469 0.000000 3143.830566 0.000000 0.072780 0.000000 -0.997348 0.844876 0.844876 0.844876
8869.330078 0.000000 3133.157715 0.000000 0.757738 0.000000 0.652559 0.764501 0.764501 0.764501
8870.654297 0.000000 3143.596436 0.000000 0.365980 0.000000 0.930623 0.716388 0.716388 0.716388
8863.262695 0.000000 3189.986816 0.000000 0.445735 0.000000 0.895165 0.731349 0.731349 0.731349
8845.203125 0.000000 3179.604736 0.000000 0.422565 0.000000 0.906332 0.759214 0.759214 0.759214
8859.708008 0.000000 3182.947021 0.000000 0.971891 0.000000 -0.235432 0.819936 0.819936 0.819936
8848.597656 0.000000 3133.911621 0.000000 0.100758 0.000000 -0.994911 0.867521 0.867521 0.867521
8854.251953 0.000000 3155.287842 0.000000 0.723593 0.000000 -0.690227 0.863903 0.863903 0.863903
8857.438477 0.000000 3146.659912 0.000000 0.863344 0.000000 -0.504616 0.844369 0.844369 0.844369
8855.322266 0.000000 3140.002930 0.000000 0.975669 0.000000 0.219249 0.770862 0.770862 0.770862
8847.392578 0.000000 3153.037598 0.000000 0.041377 0.000000 -0.999144 0.964948 0.964948 0.964948
8858.777344 0.000000 3172.090820 0.000000 0.847159 0.000000 -0.531340 0.873842 0.873842 0.873842
8848.054688 0.000000 3160.591797 0.000000 0.775517 0.000000 0.631326 0.724945 0.724945 0.724945
8852.593750 0.000000 3160.027832 0.000000 0.651769 0.000000 -0.758418 0.911760 0.911760 0.911760
8873.514648 0.000000 3138.364258 0.000000 0.656779 0.000000 0.754083 0.753934 0.753934 0.753934
8851.124023 0.000000 3180.755859 0.000000 0.999882 0.000000 0.015395 0.799200 0.799200 0.799200
8861.891602 0.000000 3145.316162 0.000000 0.866853 0.000000 -0.498564 0.831273 0.831273 0.831273
8866.353516 0.000000 3135.978516 0.000000 0.585057 0.000000 0.810992 0.654541 0.654541 0.654541
8853.313477 0.000000 3127.456299 0.000000 0.749211 0.000000 -0.662332 0.860726 0.860726 0.860726
8860.924805 0.000000 3186.475098 0.000000 0.983133 0.000000 -0.182890 0.815428 0.815428 0.815428
8859.362305 0.000000 3138.364014 0.000000 0.846307 0.000000 -0.532696 0.869565 0.869565 0.869565
8850.334961 0.000000 3189.951904 0.000000 0.291698 0.000000 0.956511 0.693065 0.693065 0.693065
8848.347656 0.000000 3187.000977 0.000000 0.811142 0.000000 0.584850 0.762570 0.762570 0.762570
8862.759766 0.000000 3142.032959 0.000000 0.332315 0.000000 -0.943168 0.984551 0.984551 0.984551
8871.543945 0.000000 3135.610352 0.000000 0.968562 0.000000 -0.248771 0.821089 0.821089 0.821089
8850.263672 0.000000 3145.816650 0.000000 0.708449 0.000000 0.705762 0.728018 0.728018 0.728018
8862.851562 0.000000 3181.834229 0.000000 0.362498 0.000000 -0.931985 0.886270 0.886270 0.886270
8856.256836 0.000000 3143.430176 0.000000 0.961238 0.000000 0.275721 0.758157 0.758157 0.758157
8871.689453 0.000000 3140.734375 0.000000 0.081448 0.000000 0.996678 0.550150 0.550150 0.550150
8850.582031 0.000000 3130.628174 0.000000 0.997802 0.000000 0.066267 0.794437 0.794437 0.794437
8864.109375 0.000000 3129.657959 0.000000 0.660022 0.000000 0.751247 0.606479 0.606479 0.606479
8866.726562 0.000000 3131.903564 0.000000 0.353302 0.000000 0.935509 0.568059 0.568059 0.568059
8854.228516 0.000000 3152.404785 0.000000 0.979504 0.000000 0.201424 0.765975 0.765975 0.765975
8863.598633 0.000000 3147.303223 0.000000 0.954336 0.000000 0.298736 0.752134 0.752134 0.752134
8860.019531 0.000000 3147.108398 0.000000 0.283379 0.000000 -0.959008 0.987129 0.987129 0.987129
8869.079102 0.000000 3127.302490 0.000000 0.123071 0.000000 0.992398 0.652568 0.652568 0.652568
8863.001953 0.000000 3160.788330 0.000000 0.101925 0.000000 -0.994792 0.958400 0.958400 0.958400
8869.296875 0.000000 3141.409180 0.000000 0.855098 0.000000 -0.518466 0.878380 0.878380 0.878380
8848.700195 0.000000 3162.971191 0.000000 0.597145 0.000000 0.802134 0.643832 0.643832 0.643832
8850.501953 0.000000 3185.881592 0.000000 0.997459 0.000000 0.071237 0.791456 0.791456 0.791456
8864.806641 0.000000 3143.367920 0.000000 0.841711 0.000000 -0.539929 0.868348 0.868348 0.868348
8850.419922 0.000000 3161.074951 0.000000 0.900333 0.000000 0.435201 0.740647 0.740647 0.740647
8861.024414 0.000000 3140.328857 0.000000 0.907307 0.000000 -0.420469 0.886673 0.886673 0.886673
8861.022461 0.000000 3172.408936 0.000000 0.166929 0.000000 0.985969 0.570212 0.570212 0.570212
8846.327148 0.000000 3162.869141 0.000000 0.013204 0.000000 -0.999913 0.999096 0.999096 0.999096
8857.729492 0.000000 3140.193604 0.000000 0.957217 0.000000 0.289370 0.751335 0.751335 0.751335
8845.415039 0.000000 3154.061279 0.000000 0.653445 0.000000 -0.756974 0.921763 0.921763 0.921763
8861.562500 0.000000 3138.022949 0.000000 0.707780 0.000000 -0.706433 0.942572 0.942572 0.942572
8865.853516 0.000000 3133.898438 0.000000 0.999995 0.000000 0.003203 0.799488 0.799488 0.799488
8855.905273 0.000000 3153.681152 0.000000 0.628979 0.000000 0.777422 0.650593 0.650593 0.650593
8864.499023 0.000000 3136.914062 0.000000 0.358041 0.000000 -0.933706 1.064652 1.064652 1.064652
8862.762695 0.000000 3140.199219 0.000000 0.933587 0.000000 -0.358350 0.892962 0.892962 0.892962
8846.698242 0.000000 3258.003174 0.000000 0.663696 0.000000 0.748002 0.786498 0.786498 0.786498
8859.168945 0.000000 3210.080811 0.000000 0.391827 0.000000 0.920039 0.751004 0.751004 0.751004
8855.110352 0.000000 3237.128174 0.000000 0.795498 0.000000 -0.605956 0.810401 0.810401 0.810401
8851.482422 0.000000 3205.759033 0.000000 0.976658 0.000000 0.214802 0.781840 0.781840 0.781840
8840.304688 0.000000 3256.438965 0.000000 0.997075 0.000000 0.076432 0.793430 0.793430 0.793430
8833.095703 0.000000 3236.483154 0.000000 0.993319 0.000000 0.115397 0.796073 0.796073 0.796073
8840.614258 0.000000 3205.872070 0.000000 0.378640 0.000000 0.925544 0.722065 0.722065 0.722065
8867.290039 0.000000 3236.361328 0.000000 0.770978 0.000000 0.636862 0.743464 0.743464 0.743464
8855.610352 0.000000 3231.841064 0.000000 0.705435 0.000000 -0.708775 0.864507 0.864507 0.864507
8861.395508 0.000000 3196.642334 0.000000 0.320707 0.000000 0.947178 0.683195 0.683195 0.683195
8851.102539 0.000000 3236.016602 0.000000 0.363471 0.000000 0.931606 0.735354 0.735354 0.735354
8841.899414 0.000000 3226.687988 0.000000 0.674825 0.000000 0.737978 0.753580 0.753580 0.753580
8858.881836 0.000000 3199.681885 0.000000 0.194464 0.000000 0.980910 0.717609 0.717609 0.717609
8836.725586 0.000000 3230.099121 0.000000 0.763954 0.000000 0.645271 0.762178 0.762178 0.762178
8839.591797 0.000000 3223.130859 0.000000 0.982412 0.000000 -0.186726 0.823259 0.823259 0.823259
8858.643555 0.000000 3236.423584 0.000000 0.598587 0.000000 -0.801058 0.863089 0.863089 0.863089
8843.288086 0.000000 3204.307373 0.000000 0.997435 0.000000 -0.071584 0.806010 0.806010 0.806010
8839.914062 0.000000 3227.891357 0.000000 0.739624 0.000000 -0.673020 0.895844 0.895844 0.895844
8351.369141 0.000000 3275.971680 0.000000 0.977958 0.000000 -0.208801 0.884023 0.884023 0.884023
8338.003906 0.000000 3322.529297 0.000000 0.939059 0.000000 0.343756 0.724307 0.724307 0.724307
8319.246094 0.000000 3393.553711 0.000000 0.999046 0.000000 -0.043661 0.810293 0.810293 0.810293
8318.109375 0.000000 3395.555420 0.000000 0.976389 0.000000 0.216019 0.749120 0.749120 0.749120
8384.737305 0.000000 3354.225586 0.000000 0.824761 0.000000 -0.565482 0.989659 0.989659 0.989659
8311.067383 0.000000 3465.014893 0.000000 0.990589 0.000000 0.136868 0.780530 0.780530 0.780530
8312.157227 0.000000 3467.132080 0.000000 0.896881 0.000000 -0.442271 0.927184 0.927184 0.927184
8290.585938 0.000000 3477.290527 0.000000 0.998818 0.000000 0.048613 0.792230 0.792230 0.792230
8293.772461 0.000000 3479.391113 0.000000 0.336967 0.000000 0.941517 0.567172 0.567172 0.567172
8266.490234 0.000000 3512.588867 0.000000 0.882730 0.000000 0.469881 0.762875 0.762875 0.762875
8264.826172 0.000000 3510.365967 0.000000 0.499643 0.000000 0.866231 0.605414 0.605414 0.605414
8313.177734 0.000000 3467.901611 0.000000 0.654039 0.000000 -0.756461 1.038163 1.038163 1.038163
8462.331055 0.000000 3279.466064 0.000000 0.787825 0.000000 -0.615899 0.831805 0.831805 0.831805
8479.051758 0.000000 3329.046143 0.000000 0.804679 0.000000 -0.593710 0.868557 0.868557 0.868557
8461.286133 0.000000 3302.834229 0.000000 0.257989 0.000000 -0.966148 0.922956 0.922956 0.922956
8459.201172 0.000000 3302.423828 0.000000 0.145523 0.000000 -0.989355 1.019109 1.019109 1.019109
8507.458984 0.000000 3291.060059 0.000000 0.181240 0.000000 0.983439 0.508807 0.508807 0.508807
8550.529297 0.000000 3319.803955 0.000000 0.846361 0.000000 -0.532609 0.860578 0.860578 0.860578
8477.585938 0.000000 3331.598877 0.000000 0.997528 0.000000 -0.070275 0.803371 0.803371 0.803371
8490.846680 0.000000 3360.760986 0.000000 0.999163 0.000000 0.040896 0.791176 0.791176 0.791176
8488.600586 0.000000 3362.090820 0.000000 0.912379 0.000000 -0.409347 0.869912 0.869912 0.869912
8567.299805 0.000000 3335.108887 0.000000 0.938396 0.000000 0.345563 0.779564 0.779564 0.779564
8572.364258 0.000000 3336.899170 0.000000 0.678854 0.000000 0.734273 0.730830 0.730830 0.730830
8574.872070 0.000000 3336.784912 0.000000 0.703614 0.000000 0.710582 0.686350 0.686350 0.686350
8474.415039 0.000000 3414.318604 0.000000 0.470420 0.000000 -0.882443 0.912272 0.912272 0.912272
8476.610352 0.000000 3412.376953 0.000000 0.562965 0.000000 -0.826481 1.122533 1.122533 1.122533
8847.117188 0.000000 3305.295410 0.000000 0.964769 0.000000 0.263098 0.794683 0.794683 0.794683
8828.509766 0.000000 3270.838867 0.000000 0.397756 0.000000 -0.917491 0.841764 0.841764 0.841764
8826.725586 0.000000 3277.904053 0.000000 0.826789 0.000000 0.562513 0.770170 0.770170 0.770170
8849.482422 0.000000 3263.788818 0.000000 0.416040 0.000000 -0.909346 0.845605 0.845605 0.845605
8851.180664 0.000000 3299.781738 0.000000 0.660286 0.000000 0.751014 0.757579 0.757579 0.757579
8851.102539 0.000000 3304.000977 0.000000 0.999797 0.000000 -0.020128 0.801327 0.801327 0.801327
8829.610352 0.000000 3274.788086 0.000000 0.911278 0.000000 -0.411792 0.855098 0.855098 0.855098
8824.111328 0.000000 3281.259521 0.000000 0.776628 0.000000 -0.629960 0.853084 0.853084 0.853084
"}
