#Example: Most of Europe north of med.
mild_winter = {
	
	746	747	748	749	750
	751	752	753	754	755
	756	757	758	759	760
	761	762	763	765	766
	767	768	772	773	774
	775	776	777	778	779
	780	781	782	784	786
	787	788	789	790	791
	792	793	794	795	796
	797	798	799	800	801
	804	821	824	825	826
	827	828	829	830	831
	832	833	834	835	836
	837	838	839	840	841
	842	843	844	845	846
	847	848	849	850	851
	852	853	855	856	857
	858	859	860	861	862
	863	864	920	921	922
	1318 1319 1320 1322 1324
	1325 1327 1354 1546 1547
	1549 1568 1571 1667 1683
	1688 1689 1692 1694 2129
	2130 2132 2133 2157 2161
	2162 2163 2181 2185 2186
	2187 2188 2190 2191 2216
	2217 2328 2347 2362 2363
	2364 2371 2375 2461 2468
	3241 3242 3243 3245 3246
	3247 3248 3249 3250 3284
	3286 3288 3290 3291 3292
	3293 3310 3311 3312 3313
	3331 3332 3333 3334 3335
	3336 3337 3338 3339 3340
	3341 3342 3343 3345 3355
	3356 3361 3362 3363 3364
	3365 3509 3510 3511 3512
	3513 3514 3515 3516 3517
	3518 3519 3520 3521 3522
	3529 3533 3534 3535 3536
	3537 3542 3543 3544 3545
	3546 3550 3551 3552 3553
	3554 3555 3556 3557 3558
	3559 3560 3561 3562 3563
	3564 3565 3566 3620 3637
	3647 3648 3652 3653 3654
	3655 3658 3660 3661 3662
	3684 3695 3714 3715 3717
	3718 3719 3720 3721 4433
	4434 4435 4436 4438 4439
	4441 4442 4444 4445 4446
	4447 4448 4449 4450 4451
	4452 4456 4457 4458 4461
	4462 4463 4465 4466 4467
	4469 4470 4471 4473 4474
	4476 4477 4478 4481 4483
	4486 4487 4492 4493 4494
	4495 4496 4497 4499 4500
	4501 4502 4503 4504 4505
	4508 4509 4510 4514 4528
	4536 4537 4538 4539 4540
	4541 4542 4543 4544 4545
	4549 4550 4552 4553 4554
	4555 4556 4557 4558 4559
	4561 4562 4564 4566 4569
	4570 4577 4579 4655 4656
	4657 4658 4659 4660 4661
	4662 4663 4664 4665 4666
	4667 4668 4669 4670 4671
	4672 4673 4674 4675 4676
	4678 4691 4692 4693 4694
	4695 4696 4697 4698 4699
	4704 4705 4707 4708 4709
	4710 4711 4717 4725 4726
	4727 4728 4729 4730 4731
	6289 6335 6336 6337 6344
	6346 6348 6349 6360 6361
	6365 6368 6370 6374 6376
	6377 6379 6380 6381 6382
	6383 6384 6385 6386 6387
	6388 6389 6390 6391 6392
	6393 6397 6398 6399 6400
	6401 6403 6405 6406 6407
	6413 6419 6420 6421 6422
	6423 7123 7125 7126 7127
	7128 7129 7130 7133 7134
	7135 7137 7140 7141 7142
	7144 7145 7146 7147 7148
	7149 7151 7158 7159 7160
	7162 7165 7166 7167 7168
	7169 7170 7171 7173 7176
	7177 7178 7179 7180 7181
	7182 7184 7185 7186 7189
	7194 7195 7197 7198 7199
	7200 7201 7202 7203 7204
	7205 7206 7207 7209 7212
	7213 7214 7215 7223 7224
	7240 7248 7249 7250 7254
	7255 7259 7261 7262 7263
	7269 7270 7271 7272 7273
	7274 7275 7276 7277 7278
	7280 7281 7284 7285 7286
	7288 7289 7290 7291 7293
	7294 7295 7296 7298 7299
	7303 7304 7311 7312 7313
	7314 7315 7316 7318 7321
	7323 7324 7325 7326 7328
	7329 7330 7331 7332 7335
	7336 7338 7341 7342 7343
	7344 7345 7346 8152 8237
	8238 8240 8242 8243 8247
	8248 8249 8250 8252 8254
	8255 8256 8260 8263 8264
	8265 8284 8285 8286 8287
	8288 8289 8291 8292 8293
	8294 8295 8296 8297 8298
	8299 8300 8301 8302 8303
	8304 8305 8306 8308 8309
	8310 8312 8313 8314 8315
	8316 8319 8325 8329 8330
	8331 8535 8536 8545 8546
	10605 10612 10621 10655 10727
	10728 10742 10745 10769 10774
	10820 10821 7245 2367 7292
	1563 1695 2344 2369 7152
	6340 4547 7163 4706 7264
	4440 10890 2335 1690 4485
	3351 2189 7297 7143 8262
	8244 2360 2374 3621 4468
	7320 6378 1691 10704 2365
	7210 4460 7136 6347 3287
	7333 7124 4498 2361 7283
	8246 7300 7216 1569 2348
	1572 7175 2333 2160 7138
	6369 4491 854 4511 3347
	8245 2334 7301 8320 3282
	8317 8251 4551 7279 7131
	7211 8258 6350 8544 2368
	7251 7237 2127 1538 7193
	1537 2338 2376 2324 2159
	7156 10631 7244 7252 7305
	7268 7334 7327 1355 7154
	1693 7164 11513 7256 7340
	1321 1685 8241 1548 7239
	7150 2340 7161 3348 7196
	4464 7172 3525 7302 4560
	7192 7190 2366 7222 10998
	1349 8253 11253 7317 7234
	2164 6396 7191 4459 7187
	2372 6341 3314 2337 7337
	4548 4479 2131 7139 1535
	6359 2138 2140 1404 7257
	2325 6371 7230 10720 7236
	1539 8529 8533 7282 4437
	7132 7188 1353 3289 8239
	7208 2139 7322 7258 2373
	3725 10987 8274 8543 6355
	6424 7265 1323 2218 1423
	11088 1541 6363 2323 4475
	1570 8307 10706 2322 8618
	3244 4571 4563 7253 3283
	7231 7174 2349 6290 7235
	8531 1564 3359 7153 2336
	8553 8534 6342 4546 2182
	7260 2341 6375 8259 7339
	1665 4565 10924 3260 2345
	8311 4527 3261 1562 6351
	10915 7155 7183 1677 6352
	2339 1676 6257 7157 7238
	8530 2460 2331 2342 1664
	6260 8257 1452 4587 4506
	1543 4472 4454 6255 7287
	8326 2359 3285 3251 1351
	1403 6354 7246 6372 7243
	4484 2128 1536 1679 1565
	1681 8541 1678 11156 11324
	6288 4443 7247 1542 2467
	3685 6394 1574 4513 6233
	4585 3615 6364 4455 3532
	2358 8275 11022 6353 4453
	7241 3350 7310 4677 6285
	6281 1567 1326 6292 11129
	6252 6280 6395 4512 11014
	6373 11325 7307 6262 11445
	1453 8210 6259 1416 7233
	8526 2343 6358 7242 6251
	1425 8324 1456 1454 3548
	1422 8229 3659 2370 10725
	4489 2457 1413 6291 3569
	8616 806 1436 8532 3349
	6190 3252 3506 1455 1559
	6235 10616 1405 3507 6356
	929 8323 1680 1451 8266
	1577 4718 7319 6193 4575
	6250 1411 1557 7309 1426
	1666 925 6333 1534 1421
	11379 1573 11471 7221 1429
	1540 6357 7232 1554 1668
	1682 2184 1350 1697 1435
	1410 1433 1434 8290 8318
	1393 1424 1566 6339 6287
	6258 1412 8556 4701 1352
	3693 1671 3716 1414 8687
	6404 1457 8276 6191 1428
	2183 7228 1420 1687 6230
	1698 1399 10721 1419 6253
	10618 1390 8208 1431 6286
	6362 6366 2329 1556 1385
	802 8211 8233 3259 6256
	8696 1558 4578 6279 6192
	1533 10908 8230 1402 6231
	1394 1400 1398 3638 7266
	1427 7229 10886 6283 1391
	820 6261 10798 1545 10930
	1401 1449 1389 10689 1383
	6237 11234 1551 1415 6367
	8688 6282 8267 3692 6254
	10963 8261 1696 6232 3531
	1392 8209 8232 10756 11384
	3726 1418 8236 1552 1553
	1432 1555 1544 10690 6345
	11530 8153 3682 11452 3644
	11565 6284 1430 6234 4488
	1397 1395 4567 1561 4520
	3327 1396 1317 3694 1560
	7121 1629 3602 4700 8540
	1550 1384 6402 1386 2154
	6332 2134 11148 3352 1579
	3605 11397 3616 6414 10741
	8235 812 3344 10763 11209
	1578 1576 3267 6278 1409
	2156 10809 6338 1458 11417
	1406 8538 3639 1382 6224
	7227 1387 1450 6184 4507
	3623 1341 2332 3607 8598
	3645 4586 1684 1445 8617
	8577 11373 3622 8328 3576
	8206 6186 8686 2180 2137
	8552 10857 10872 10876 10914
	10947 10948 10954 10965 10993
	10994 11030 11050 11120 11165
	11219 11276 11304 11464 11477
	11493 11587 11590		


}

#Example: Inland Europe & Scandinavia
normal_winter = {
	
	10636 10675 11210 11451 11488
	11563 10720 10764 11081 6411
	10963 11577 11383 11169 8398
	6627 10758 6817 11031 8397
	3379 6815 6414 6824 6580
	3374 11319 10852 6836 6825
	3401 3398 6417 1204 3371
	1215 3382 3218 11371 4734
	4741 4719 1198 4690 3194
	10962 4737 6416 6800 6629
	4738 6424 4703 6827 764
	3376 6845 10837 6621 6619
	6579 4716 3366 10914 4700
	6843 3383 6826 3204 6570
	4594 3367 6610 6574 3181
	6847 4701 6418 6573 6813
	6618 3209 6794 6575 1201
	3386 6795 6630 4721 4688
	6829 6577 4702 6613 1216
	3373 6725 6412 4649 3220
	6803 3185 1205 6538 6409
	6799 3195 3357 3307 3197
	6726 6408 6606 6848 3179
	4735 6609 6415 3315 6823
	6841 4714 6822 3400 6801
	3205 10627 6839 4715 10947
	4733 3178 6410 6581 4689
	4720 6820 3381 8396 6832
	6620 3216 8334 3217 3213
	4681 4680 3380 6524 3308
	3358 3180 6576 4713 6814
	8399 3183 6844 3384 6819
	4739 3368 6623 3198 1179
	3378 4590 3182 6081 3221
	11282 6539 3214 4679 6830
	3211 4685 6834 3375 6818
	11578 6632 3316 6798 6508
	6614 3196 4651 8279 4601
	3219 6571 1340 3329 6531
	6849 6846 6523 6842 3410
	6598 3330 4740 3306 6802
	3411 3387 6628 4736 3399
	3215 4637 4652 6611 6534
	11301 6793 3370 6557 4643
	8269 785 6585 10824 1197
	4712 6831 4732 6532 6622
	6510 4722 11142 8374 3413
	3274 3279 10986 8268 6624
	6545 1213 6851 4588 4612
	3176 3309 8380 6736 6528
	6461 3281 6527 6828 6537
	4607 6805 6511 3193 6589
	3396 1206 6734 3388 3184
	3206 6453 3395 1339 8401
	3372 1199 6594 6607 11481
	6804 1214 6631 3192 4614
	6458 4600 6626 3360 6522
	6821 3385 8394 6724 3275
	4683 6731 6811 4613 6601
	4608 6526 8352 3240 3409
	6612 10921 1212 6536 4631
	6797 3175 3402 3303 4629
	783 6599 4635 3262 4684
	6840 6541 8350 6520 10704
	3377 11249 6543 3314 8375
	4687 6501 8328 6812 6837
	3328 6529 10908 4628 6464
	4648 6733 6544 4606 6730
	2486 4640 4616 3210 10948
	6533 6586 11059 6808 4636
	6596 8275 4724 6807 6835
	8278 6462 6509 2411 3397
	6833 10970 8270 3208 2316
	6608 6507 8277 6578 6816
	6542 6560 6515 3237 4718
	3273 3177 3322 6597 4632
	3414 6600 8395 6796 4591
	4619 8377 6838 3202 6735
	8271 3389 4622 4641 1200
	4682 8332 1337 4598 4595
	2464 3189 4592 4644 3323
	4609 3390 11212 6540 6561
	4603 6572 3191 1331 4596
	1525 4646 2199 6728 3302
	6456 3263 6616 4618 11479
	3326 8283 4604 6737 8346
	6465 2416 3404 2210 1195
	4627 1686 6452 4723 2409
	3267 4617 11417 6071 4706
	1527 2414 3319 10618 4653
	3300 4639 3318 3304 6732
	6521 8273 4443 3317 3403
	3280 11006 6850 2470 4630
	6459 6617 8326 8403 6727
	4602 2413 11513 2386 2213
	2478 1203 6535 6496 6625
	6450 6466 6809 2489 4589
	3324 8333 6468 1177 1309
	6514 6506 3252 8280 1176
	4634 2382 3408 2469 3190
	8211 3278 6504 8358 6615
	3305 3321 3405 6505 6595
	1663 1311 6587 1510 2211
	4633 1313 3174 3199 4597
	4610 2406 2152 1209 2153
	6518 1174 1345 2239 10685
	8400 6469 8351 2488 4480
	6517 4611 1628 3391 1312
	4650 3320 2357 1521 6516
	2180 2198 8365 6014 8341
	6455 6474 3212 2242 3393
	5760 2383 8322 8282 4645
	2137 1626 2490 2212 5987
	6454 6044 6451 2197 2381
	1484 4654 1316 8349 2249
	1594 8404 1655 1333 1485
	8364 8363 2418 6039 2266
	3369 6457 2136 4647 1526
	4686 6002 3232 11090 1328
	6806 4638 2318 2402 2200
	8412 6449 2271 11173 2327
	3353 1497 2208 1191 2326
	2273 2276 8411 6040 11592
	8385 8355 2219 1475 8336
	6503 1178 4623 6525 10801
	2479 2259 1515 8272 4605
	1274 2397 6448 11546 1524
	11553 11035 4615 1307 2487
	2262 2253 3346 6073 1672
	1661 1180 8327 3187 1654
	3207 8345 2410 3298 4593
	6519 2169 2135 1330 1317
	2240 2173 2269 2491 4621
	1675 1687 2201 2483 6513
	8281 1341 8357 2202 8338
	1657 771 8392 2204 5805
	1519 1498 2155 1487 6006
	8353 1509 3412 2282 3285
	3354 6810 2215 2484 6043
	2209 4482 1194 2321 2398
	2272 2412 2380 2220 2467
	2415 1588 2317 8402 2214
	6070 1308 2346 2400 6502
	2177 2270 3289 1334 6550
	1514 1346 2118 4626 2238
	5807 10761 2300 3301 2394
	1477 3277 2466 8261 5989
	3392 8376 3299 3359 8212
	6446 2396 2393 1621 2301
	1581 2207 2378 6562 2119
	6603 4490 1182 2193 5996
	4642 3268 1512 1493 6512
	5995 5773 8408 6460 8344
	6042 8362 4624 2305 11128
	6027 1314 2252 1513 1647
	2176 2351 2313 8337 2288
	3352 2492 11219 2150 1310
	1332 2471 2330 1651 1495
	2248 2151 2286 2315 2121
	8359 4599 8415 5749 2283
	1488 6467 2165 6082 2244
	5771 2156 2459 2477 2171
	1595 2298 1530 4625 11062
	2395 1624 1652 2309 8276
	2257 1479 2355 1175 4484
	5759 1207 6530 3297 1336
	6444 1528 6055 8274 2308
	2293 3254 2320 2268 6475
	2122 8409 3239 2178 1520
	1468 1496 1347 2465 3269
	2312 3253 1630 2221 1483
	1623 5787 2482 2463 1522
	1473 6472 6032 1476 2206
	5775 2120 1202 1662 2167
	8234 8373 1605 11079 1529
	6567 5993 6723 1480 8369
	3272 3344 8368 2158 3406
	2302 1629 2203 1335 3200
	6024 6447 2229 2377 5992
	2319 2289 2172 3255 1511
	6016 1181 2251 2306 5774
	1499 6038 2379 2258 2290
	10783 1502 6025 1669 2192
	5802 2116 2247 3201 1614
	6033 2195 3186 1643 8414
	3394 2385 2480 2485 10831
	3295 5797 1491 2260 6018
	2274 8343 1674 5812 10858
	1607 1645 2332 1472 1631
	2476 5811 8323 5999 5832
	2174 10916 8348 2392 2205
	2279 1625 2297 5761 8335
	5991 5770 2245 5772 10657
	8356 5748 2170 5769 3270
	2175 1503 2237 6017 1642
	1597 1492 2384 11198 1490
	1596 6445 1482 1269 2113
	2183 2243 1464 1627 11057
	3266 2462 1193 11108 5808
	2314 1584 3407 11302 6034
	1494 10697 1500 6000 2311
	5766 6021 6035 5997 1315
	8407 6075 769 2278 5746
	6028 1329 1632 2230 11477
	2356 4620 6015 6067 1660
	1486 2287 10919 3276 770
	3231 6004 8321 6029 3236
	10786 2148 1604 4677 3258
	2196 2235 2296 2147 1278
	2126 8347 3294 2168 1462
	2179 6041 11493 1649 2166
	8378 2117 1501 2388 5762
	3238 5743 1583 6030 6031
	5998 1489 4488 3229 3235
	3296 2149 2194 5813 5785
	6074 3203 1474 5800 10684
	11333 1656 2111 3265 2275
	3188 11562 3233 5830 2246
	5799 2236 5810 2184 1620
	3271 8367 5744 2481 8413
	1587 1673 1466 5767 1580
	2390 2389 2304 10973 5809
	2125 5750 2115 5792 5768
	2146 5806 10708 1470 2124
	2263 2359 1636 6005 2154
	2223 2254 11587 8381 5793
	6012 1653 1648 2354 2387
	5990 1684 1606 2285 2408
	1461 5824 1585 1670 5865
	2144 11203 2110 1582 8379
	5758 2114 1463 2109 5788
	4468 5763 2353 2143 1646
	3327 5885 5986 2295 6497
	1616 5994 1471 2224 1644
	2141 11161 5864 8354 8318
	5765 2299 5795 5786 5803
	1338 1442 2329 6054 2256
	2261 10603 2112 1598 11153
	10809    
}

#Example: Russia & Lappland
severe_winter = {

	11493 11233 11146 11537 11082
	11294 11117 11248 10722 11019
	11357 11528 10899 11251 11368
	11154 11295 11497 11544 10968
	11070 11101 11429 11225 11420
	10896 11086 11121 11111 10982
	10610 11054 11266 11428 11375
	11005 11332 11003 11462 11222
	11027 11354 10801 11525 11072
	7429 10608 11052 11305 11523
	11239 11009 11280 11358 10870
	10750 11386 11501 11059 10937
	10843 11481 11291 10850 11446
	11081 10622 11031 11448 11158
	11130 11058 11073 11169 7426
	10642 11159 11012 3163 11226
	7431 567 579 7440 570
	1282 564 11356 11470 11566
	7394 3122 10611 6676 7399
	7379 7432 11300 11026 7402
	580 7428 11458 11377 11041
	11103 7427 3161 574 10715
	5921 3121 576 11392 1365
	11136 7383 3142 7453 562
	7412 3145 7388 11279 7437
	7436 3110 11407 1283 582
	566 7398 7395 575 7430
	7384 7401 7387 10823 11473
	3171 6674 10962 7421 572
	1221 7444 3172 7417 7382
	7377 6746 7396 589 1366
	604 7435 7408 563 588
	535 11535 3140 1356 623
	7374 7441 7452 7380 7397
	1236 11238 7378 5902 7381
	7448 7375 578 3160 8388
	7391 7405 7415 610 7389
	1372 3097 7425 7420 593
	7411 3108 7410 545 10853
	7414 5898 7447 1294 3164
	1297 11350 7350 620 10852
	7423 3170 3137 550 7365
	7400 619 5983 1284 1240
	7434 6678 7386 577 546
	7403 11571 513 6672 503
	601 6748 1367 3120 7373
	1270 615 3092 512 7364
	3109 7407 7439 3079 1273
	548 6673 3166 1243 581
	7443 591 1266 11011 7406
	3104 536 7424 7438 613
	5922 607 3152 3173 590
	616 1222 1361 3119 3125
	7385 521 1370 1218 6745
	3081 565 7351 3093 622
	3168 3147 612 7449 597
	1237 3155 1304 7450 3132
	1226 1360 3156 585 7451
	614 10862 5977 1249 1302
	517 6677 2433 3095 1242
	1223 1291 3099 2431 571
	1288 525 6744 618 624
	598 3134 3141 7422 3149
	606 7413 1277 1211 608
	1260 499 1245 5976 1371
	1305 552 526 592 1186
	7456 3130 625 6751 3090
	7356 3169 7419 7347 7416
	1359 6488 1299 621 3098
	3128 6060 6691 1244 1258
	6548 7376 1247 5920 1357
	6741 6670 10672 502 561
	7353 594 5906 6681 3127
	1295 547 7404 3150 573
	519 3082 1208 1209 551
	3124 1184 3100 600 6685
	8383 1235 3143 11024 3115
	6085 6671 5951 3144 6648
	1368 6588 3138 1271 596
	537 3139 3078 6675 1225
	500 6669 6551 5981 3094
	5950 1298 1238 6489 6666
	7418 1239 1267 1246 11323
	7392 1256 6742 11533 3146
	1362 3111 1210 6480 6079
	7446 1300 527 6650 3157
	3107 6715 3118 6690 7393
	3067 514 617 603 3123
	7357 10944 3064 3096 3068
	1219 3167 3131 6052 3087
	6679 595 6592 1183 3114
	1369 1290 3133 1364 8382
	6083 1344 1303 605 8389
	3083 6647 6664 6492 7348
	6490 1254 3116 583 8379
	1224 3135 7369 6698 6749
	6791 5946 6080 5953 538
	3159 7368 6682 6717 6088
	6049 7354 6569 10856 8371
	3084 493 1253 3162 5978
	6747 7370 6688 1280 6699
	1301 6498 6499 7362 6787
	3089 549 6491 7352 3158
	1292 11287 587 1342 6743
	6553 6639 534 6479 1285
	6750 6095 7361 3126 6665
	2437 7390 6487 1185 3106
	7360 497 3105 6098 6482
	7433 7363 6702 3112 569
	1189 1220 7445 1232 6784
	7442 6554 1259 540 6720
	6689 528 1289 5896 8393
	11438 1281 6096 6099 3088
	6668 7455 3113 5820 11479
	11588 5952 542 1228 1217
	6495 6782 6486 611 6556
	5948 6656 2419 599 1252
	1343 8378 532 6546 6547
	2403 6695 6763 11080 7358
	3153 2439 6662 6697 1296
	5900 6657 6680 6652 1233
	515 10832 6752 6555 6659
	6772 6703 11231 1250 556
	6654 6790 3075 1173 3069
	6552 6684 7366 498 6767
	2438 522 5980 2430 6687
	6696 5949 6582 6097 2424
	3129 586 3151 3085 6549
	6494 7349 7355 3065 1276
	2435 520 3165 1241 6643
	6022 495 3117 6500 8361
	6788 1188 6565 6683 544
	6700 6481 6722 2456 6775
	1347 5936 6766 1517 2442
	533 6773 1257 6438 5894
	6483 6707 7372 6593 7409
	1279 6740 6443 6441 6756
	6704 584 8381 6792 2429
	6739 6072 6753 6708 11270
	1190 6663 1227 7367 2432
	6711 6764 3086 6701 3063
	1234 6436 6719 6721 1263
	2399 6762 3070 6477 6442
	6078 8390 3102 1531 5947
	1293 6061 10648 2436 3154
	3073 5979 516 543 8391
	539 6638 3101 6655 2454
	6769 5899 1265 6559 6714
	6485 5958 6776 6437 5828
	6789 6716 6771 1251 6640
	6431 555 559 2452 6064
	6591 518 6084 6077 6086
	5814 3062 2449 6433 6430
	6768 1518 6778 6661 6786
	6478 6783 2417 5982 6785
	6718 1363 1287 10846 2448
	1229 6729 523 6758 5907
	2404 3136 1255 6712 7359
	6755 1348 3091 3080 5859
	7371 1286 6651 6710 6705
	6765 8372 6660 6497 11038
	2426 3072 2451 6493 6774
	6568 8387 541 6780 6091
	2441 6550 6760 6779 2453
	6432 6090 602 6558 5901
	3148 2407 3066 8410 6658
	6757 6770 509 8405 1272
	554 2434 530 8406 609
	6439 8376 568 6563 8384
	10867 3103 5823 5916 11149
	510 2450 6093 5816 6645
	10901 7454 531 1187 11180
	6709 6761 6471 6584 6520
	494 5783 5852 6706 6434
	5817 3061 3074 6686 553
	6667 5909 6484 1231 6604
	6713 5945 11282 5968 1268
	1262 11064 1516 2443 501
	6649 1248 6727 1230 6051
	5965 5957 5966 6045 1178
	2428 6693 5857 6564 3076
	5967 6642 2401 6566 6011
	2447 3077 11461 6053 6723
	2455 6094 6646 6470 6644
	6653 6063 1269 5782 5780
	5918 6605 5940 3071 5932
	2420 5941 6440 2445 6777
	1261 6694 6754 5939 6062
	1523 6473 6435 6781 5960
	557 6428 6476 6602 6583
	2444 5919 507 11173 1278
	5974 6590 2423 10740 5959
	6641 496 6837 1169 5818
	10636 6050 2425 5850 2427
	5973 5905 524 6429 5914
	6089 6692 1522 5848 2440
	2421 6635 8370 5897 6521
	5964 5937 5891 508 1264
	6759 2405 6637 560 11534
	10985 10593 5962 5781 8392
	5904 6615 5929 2446 6046
	11100 1170 5819 558 5970
	5969 1532 5887 529 5908
	8360 5944 11045 2422 5822
	506 5926 6048 6636 5853
	5821 5924 5888 1171 5815
	11442 6617 5892 6426 11506
	5855 2418 5972 6634 5938
	8399 8373 5893 5881 1504
	6425 5827 11152 8411 5913
	6427 2408 5933 5854 6009
	5777 5886 1358 5943 5778
	1374 8380 5925 5955 1377
	5758 5890 5915 6047 5954
	5912 6633 10767 5971 1375
	5895 5876 6738 5889 5882
	5931 5927 6567 5942 5879
	1373 11316 5839 6728 5903
	5963 1376 10778 5930 6092
	11457 11200 5858 1379 5825
	505 2388 5917 1381 5956
	504 5851 5829 11431 5934
	6603 1510 8369 6562 5779
	1172 6600 8338 5923 5849
	8386 6496 6010 5883 5837
	511 5928 5935 5878 5856
	10638 5880 11074 5911 6020
	10635 1168 5845 6589 5753
	5877 11094 6472 10688 6726
	11273 11145 5910 5875 1530
	5870 1380 1503 6725 1378
	6475 8402 10735 11411 5760
	6594 5874 11069 1528 2406
	11319 11427 11522 1525 2411
	6839 11124 11176 5831 11191
	5838 6023 10960 8397 1529
	8359 11456 5961 5835 8401
	8394 10858 6474 11444 1179
	6449 6006 2402 2307 1340
	11315 6016 11486 5842 11063
	6071 5861 11181 11521 2383
	2416 8403 11547 2305 5751
	1346 6081			
	

}
